Date,Open,High,Low,Close,Adj Close,Volume
2015-02-16,66.25,69.55,66.25,69.55,67.1,250
2015-02-18,73.03,73.03,73.03,73.03,70.45,200
2015-02-19,76.68,76.68,76.68,76.68,73.97,50
2015-02-20,80.5,80.5,80.5,80.5,77.66,2
2015-02-23,84.53,84.53,84.53,84.53,81.54,50
2015-02-24,88.75,88.75,88.75,88.75,85.62,2
2015-02-25,93.18,93.18,93.18,93.18,89.89,70
2015-02-26,97.82,97.82,97.82,97.82,94.38,120
2015-02-27,102.7,102.7,102.7,102.7,99.08,2590
2015-03-02,112.0,112.7,110.0,112.7,108.73,778
2015-03-03,118.32,118.32,117.5,118.32,114.15,232
2015-03-04,120.0,124.22,115.55,120.75,116.49,1412
2015-03-05,120.75,120.75,120.75,120.75,116.49,0
2015-03-09,132.5,133.1,131.0,131.57,126.94,1742
2015-03-10,138.0,138.15,125.25,136.6,131.78,1502
2015-03-11,137.95,143.43,135.5,143.38,138.32,3834
2015-03-12,150.43,150.5,136.5,147.5,142.3,1608
2015-03-13,153.95,153.95,148.5,152.7,147.32,160
2015-03-16,150.05,150.05,145.07,148.8,143.55,216
2015-03-17,150.0,150.0,141.38,141.38,136.39,200
2015-03-18,134.32,134.32,134.32,134.32,129.59,180
2015-03-19,127.62,127.62,127.62,127.62,123.13,350
2015-03-20,121.25,132.5,121.25,127.18,122.69,5928
2015-03-23,121.0,125.0,120.82,123.5,119.15,612
2015-03-24,120.0,123.12,117.32,117.9,113.74,1536
2015-03-25,114.5,117.75,112.03,112.03,108.08,1710
2015-03-26,106.55,106.55,106.43,106.43,102.67,472
2015-03-27,102.0,102.0,101.12,101.12,97.56,332
2015-03-30,104.97,104.97,96.07,98.07,94.62,2966
2015-03-31,97.0,102.2,97.0,102.2,98.6,202
2015-04-01,97.5,98.5,97.15,97.6,94.16,142
2015-04-06,99.97,99.97,99.97,99.97,96.45,4
2015-04-07,98.0,98.0,95.0,95.0,91.65,124
2015-04-08,95.0,95.0,95.0,95.0,91.65,0
2015-04-09,90.8,90.8,90.25,90.7,87.5,270
2015-04-10,86.18,90.5,86.18,86.18,83.14,638
2015-04-13,87.5,87.5,87.5,87.5,84.41,30
2015-04-15,87.5,91.75,87.5,91.6,88.37,294
2015-04-16,95.0,95.0,87.07,87.85,84.75,328
2015-04-17,85.5,90.0,85.05,89.62,86.47,794
2015-04-20,85.15,87.5,85.15,87.5,84.41,122
2015-04-21,87.47,91.72,87.47,91.72,88.49,152
2015-04-22,91.7,96.0,87.4,96.0,92.62,470
2015-04-23,92.5,99.0,92.5,98.57,95.1,586
2015-04-24,99.5,99.5,94.35,98.62,95.15,240
2015-04-27,103.4,103.4,97.75,100.5,96.96,144
2015-04-28,96.5,105.45,96.5,105.45,101.73,438
2015-04-29,100.5,107.0,100.2,100.4,96.86,202
2015-04-30,96.0,99.5,96.0,98.0,94.54,72
2015-05-04,99.97,99.97,99.97,99.97,96.45,50
2015-05-05,99.97,99.97,99.97,99.97,96.45,0
2015-05-06,99.97,99.97,99.97,99.97,96.45,0
2015-05-07,103.95,103.95,99.5,99.5,95.99,44
2015-05-08,99.5,99.5,99.5,99.5,95.99,0
2015-05-11,99.5,99.5,99.5,99.5,95.99,0
2015-05-12,99.5,99.5,99.5,99.5,95.99,0
2015-05-13,100.5,100.5,100.5,100.5,96.96,2
2015-05-14,100.5,100.5,100.5,100.5,96.96,0
2015-05-15,100.5,100.5,100.5,100.5,96.96,0
2015-05-18,95.55,95.55,95.47,95.47,92.11,200
2015-05-19,92.0,92.5,92.0,92.5,89.24,330
2015-05-20,92.0,92.0,90.0,90.0,86.83,762
2015-05-21,90.0,90.0,90.0,90.0,86.83,0
2015-05-22,94.5,94.5,85.5,85.5,82.49,200
2015-05-25,85.0,85.0,82.25,83.93,80.97,868
2015-05-26,83.93,83.93,83.93,83.93,80.97,0
2015-05-27,83.93,83.93,83.93,83.93,80.97,0
2015-05-28,83.93,83.93,83.93,83.93,80.97,0
2015-05-29,83.93,83.93,83.93,83.93,80.97,0
2015-06-01,88.1,88.1,88.1,88.1,84.99,200
2015-06-02,84.0,92.5,84.0,91.53,88.3,622
2015-06-03,92.5,93.5,90.0,90.12,86.95,810
2015-06-04,94.62,94.62,89.03,89.03,85.89,202
2015-06-05,92.5,92.5,85.0,85.57,82.56,1854
2015-06-08,85.57,85.57,85.57,85.57,82.56,0
2015-06-09,89.5,89.5,89.5,89.5,86.34,272
2015-06-10,89.5,89.5,89.5,89.5,86.34,0
2015-06-11,89.5,89.5,89.5,89.5,86.34,0
2015-06-12,92.5,92.5,86.0,86.5,83.45,234
2015-06-15,86.5,86.5,82.38,82.38,79.47,100
2015-06-16,84.0,84.0,81.6,81.68,78.8,214
2015-06-17,83.6,83.6,83.6,83.6,80.65,46
2015-06-18,83.6,83.82,83.6,83.82,80.87,650
2015-06-19,88.0,88.0,88.0,88.0,84.9,100
2015-06-22,92.4,92.4,92.4,92.4,89.14,100
2015-06-23,92.4,92.4,92.4,92.4,89.14,0
2015-06-24,97.0,97.0,97.0,97.0,93.58,2
2015-06-25,97.0,97.0,97.0,97.0,93.58,0
2015-06-26,97.0,97.0,97.0,97.0,93.58,0
2015-06-29,94.4,94.4,94.4,94.4,91.07,16
2015-06-30,94.4,94.4,94.4,94.4,91.07,0
2015-07-01,94.4,94.4,94.4,94.4,91.07,0
2015-07-02,99.0,99.0,99.0,99.0,95.51,4
2015-07-03,97.6,97.6,95.5,96.25,92.86,36
2015-07-06,101.05,101.05,101.05,101.05,97.49,2
2015-07-07,100.0,106.1,98.5,99.95,96.43,786
2015-07-08,99.95,99.95,99.95,99.95,96.43,0
2015-07-09,99.95,99.95,99.95,99.95,96.43,0
2015-07-10,99.95,99.95,99.95,99.95,96.43,0
2015-07-13,99.95,99.95,99.95,99.95,96.43,0
2015-07-14,99.95,99.95,99.95,99.95,96.43,0
2015-07-15,98.25,98.25,98.25,98.25,94.79,8
2015-07-16,102.5,102.5,102.5,102.5,98.89,2
2015-07-17,98.25,98.25,97.55,97.6,94.16,114
2015-07-20,100.0,100.0,94.0,97.5,94.06,12
2015-07-21,97.62,97.62,94.0,94.0,90.69,32
2015-07-22,95.0,98.0,89.5,94.97,91.63,872
2015-07-23,94.97,94.97,94.97,94.97,91.63,0
2015-07-24,98.5,99.0,98.5,99.0,95.51,220
2015-07-27,99.0,99.0,99.0,99.0,95.51,2
2015-07-28,94.25,94.25,94.25,94.25,90.93,4
2015-07-29,97.5,97.5,97.5,97.5,94.06,100
2015-07-30,97.5,97.5,97.5,97.5,94.06,0
2015-07-31,97.5,97.5,97.5,97.5,94.06,0
2015-08-03,100.0,100.0,100.0,100.0,96.47,100
2015-08-04,100.0,100.0,100.0,100.0,97.94,0
2015-08-05,100.0,100.0,100.0,100.0,97.94,0
2015-08-06,100.0,100.0,100.0,100.0,97.94,2
2015-08-07,100.0,100.0,100.0,100.0,97.94,0
2015-08-10,100.0,100.0,100.0,100.0,97.94,0
2015-08-11,105.0,105.0,95.0,95.0,93.05,1402
2015-08-12,95.0,95.0,95.0,95.0,93.05,0
2015-08-13,97.95,97.95,90.25,90.9,89.03,222
2015-08-14,90.9,90.9,90.9,90.9,89.03,0
2015-08-17,95.0,95.0,95.0,95.0,93.05,100
2015-08-18,95.0,95.0,95.0,95.0,93.05,0
2015-08-19,99.5,99.5,99.5,99.5,97.45,46
2015-08-20,104.0,104.0,104.0,104.0,101.86,2
2015-08-21,101.0,104.0,98.8,103.95,101.81,118
2015-08-24,100.0,100.0,100.0,100.0,97.94,4
2015-08-25,104.5,104.5,97.5,97.5,95.49,14
2015-08-26,100.0,100.0,100.0,100.0,97.94,8
2015-08-27,100.0,100.0,100.0,100.0,97.94,80
2015-08-28,100.0,100.0,100.0,100.0,97.94,0
2015-08-31,100.4,100.4,97.5,97.5,95.49,60
2015-09-01,94.5,94.5,92.62,92.62,90.72,110
2015-09-02,90.0,90.0,90.0,90.0,88.15,10
2015-09-03,90.0,90.0,90.0,90.0,88.15,0
2015-09-04,86.25,90.0,85.5,90.0,88.15,306
2015-09-07,90.0,90.0,89.0,89.28,87.44,8
2015-09-08,89.28,89.28,89.28,89.28,87.44,0
2015-09-09,89.28,89.28,89.28,89.28,87.44,0
2015-09-10,89.0,89.0,89.0,89.0,87.17,10
2015-09-11,84.9,84.9,84.85,84.85,83.1,188
2015-09-14,88.5,88.5,87.0,87.38,85.58,8
2015-09-15,87.38,87.38,87.38,87.38,85.58,0
2015-09-16,83.03,83.03,83.03,83.03,81.32,10
2015-09-18,79.03,79.03,78.88,78.88,77.25,400
2015-09-21,82.5,82.8,82.5,82.8,81.1,102
2015-09-22,86.93,86.93,86.93,86.93,85.14,2
2015-09-23,91.25,91.25,82.65,82.65,80.95,854
2015-09-24,86.5,86.5,86.5,86.5,84.72,40
2015-09-28,86.5,86.5,86.5,86.5,84.72,0
2015-09-29,90.82,90.82,90.82,90.82,88.96,2
2015-09-30,95.35,95.35,90.0,90.0,88.15,32
2015-10-01,92.47,92.47,87.5,88.32,86.51,12
2015-10-05,90.0,90.0,85.5,85.5,83.74,700
2015-10-06,89.78,89.78,89.78,89.78,87.93,650
2015-10-07,91.5,91.5,91.5,91.5,89.62,1930
2015-10-08,90.5,95.0,87.0,95.0,93.05,90
2015-10-09,95.0,97.45,91.82,97.45,95.45,402
2015-10-12,97.45,97.45,97.45,97.45,95.45,0
2015-10-13,97.45,97.45,97.45,97.45,95.45,0
2015-10-14,102.3,102.3,95.0,95.0,93.05,840
2015-10-15,95.0,95.0,95.0,95.0,93.05,0
2015-10-16,99.7,99.75,99.7,99.75,97.7,52
2015-10-19,104.0,104.0,99.75,99.75,97.7,102
2015-10-20,95.0,95.0,95.0,95.0,93.05,50
2015-10-21,90.6,99.75,90.5,92.05,90.16,412
2015-10-23,92.05,92.05,92.05,92.05,90.16,0
2015-10-26,96.65,96.65,96.65,96.65,94.66,2
2015-10-27,101.47,101.47,92.5,92.5,90.6,4
2015-10-28,92.5,92.5,92.5,92.5,90.6,0
2015-10-29,92.5,92.5,92.5,92.5,90.6,0
2015-10-30,92.5,92.5,92.5,92.5,90.6,0
2015-11-02,92.5,92.5,92.5,92.5,90.6,0
2015-11-03,97.1,97.1,89.0,89.38,87.54,62
2015-11-04,85.5,85.5,85.0,85.0,83.25,50
2015-11-05,85.0,85.0,85.0,85.0,83.25,0
2015-11-06,85.0,85.0,85.0,85.0,83.25,0
2015-11-09,85.0,85.0,85.0,85.0,83.25,0
2015-11-10,85.0,85.0,85.0,85.0,83.25,0
2015-11-13,85.0,85.0,85.0,85.0,83.25,0
2015-11-16,85.0,85.0,85.0,85.0,83.25,0
2015-11-17,85.0,85.0,85.0,85.0,83.25,0
2015-11-18,85.0,85.0,85.0,85.0,83.25,0
2015-11-19,89.25,89.25,89.25,89.25,87.41,20
2015-11-20,93.5,93.5,93.5,93.5,91.58,48
2015-11-23,98.18,98.18,98.0,98.18,96.16,1334
2015-11-24,103.07,103.07,103.07,103.07,100.96,174
2015-11-26,108.22,108.22,108.22,108.22,106.0,218
2015-11-27,112.5,113.62,110.0,113.62,111.29,680
2015-11-30,119.3,119.3,108.25,108.25,106.02,46
2015-12-01,103.3,103.3,103.3,103.3,101.18,2
2015-12-02,103.3,103.3,103.3,103.3,101.18,0
2015-12-03,102.0,102.0,102.0,102.0,99.9,10
2015-12-04,107.1,107.1,97.0,97.0,95.01,20
2015-12-07,97.5,97.5,97.5,97.5,95.49,66
2015-12-08,97.5,97.5,97.5,97.5,95.49,0
2015-12-09,97.5,97.5,97.5,97.5,95.49,0
2015-12-10,97.5,97.5,97.5,97.5,95.49,0
2015-12-11,100.0,100.0,100.0,100.0,97.94,2
2015-12-14,102.0,102.0,102.0,102.0,99.9,6
2015-12-15,107.0,107.1,107.0,107.1,104.9,200
2015-12-16,112.45,112.45,112.45,112.45,110.14,2
2015-12-17,118.05,118.05,118.05,118.05,115.62,2
2015-12-18,123.95,123.95,122.5,122.5,119.98,72
2015-12-21,128.62,128.62,116.43,125.0,122.43,108
2015-12-22,131.25,131.25,118.75,118.75,116.31,1146
2015-12-23,112.82,113.03,112.82,112.82,110.5,242
2015-12-24,107.2,107.57,107.2,107.5,105.29,2672
2015-12-28,102.85,102.85,102.85,102.85,100.73,2
2015-12-29,107.97,107.97,102.5,107.78,105.56,614
2015-12-30,113.15,113.15,107.5,109.95,107.69,1052
2015-12-31,115.4,115.4,107.5,115.4,113.03,500
2016-01-01,115.4,115.4,115.4,115.4,113.03,0
2016-01-04,115.4,115.4,115.4,115.4,113.03,0
2016-01-05,115.5,115.5,109.75,110.25,107.98,1230
2016-01-06,111.0,111.0,110.0,110.0,107.74,4
2016-01-07,115.5,115.5,115.5,115.5,113.12,2
2016-01-08,121.28,121.28,119.95,119.95,117.48,102
2016-01-11,125.5,125.5,113.97,122.4,119.88,552
2016-01-12,116.4,128.4,116.4,128.4,125.76,12
2016-01-13,134.8,134.8,134.8,134.8,132.03,2
2016-01-14,130.0,130.0,130.0,130.0,127.33,4
2016-01-15,130.0,130.0,130.0,130.0,127.33,0
2016-01-18,130.0,130.0,130.0,130.0,127.33,0
2016-01-19,130.0,130.0,130.0,130.0,127.33,0
2016-01-20,130.0,130.0,130.0,130.0,127.33,0
2016-01-21,130.0,130.0,130.0,130.0,127.33,0
2016-01-22,136.5,136.5,136.5,136.5,133.69,2
2016-01-25,136.5,136.5,136.5,136.5,133.69,0
2016-01-27,136.5,136.5,136.5,136.5,133.69,0
2016-01-28,135.5,136.0,135.5,136.0,133.2,20
2016-01-29,142.8,142.8,135.0,135.0,132.22,4
2016-02-01,135.0,135.0,135.0,135.0,132.22,0
2016-02-02,128.5,128.5,128.5,128.5,125.86,2
2016-02-03,128.5,128.5,128.5,128.5,125.86,0
2016-02-04,128.5,128.5,128.5,128.5,125.86,0
2016-02-05,134.5,134.5,134.5,134.5,131.73,2
2016-02-08,141.0,141.0,141.0,141.0,138.1,2
2016-02-09,148.0,148.0,133.95,134.68,131.91,20
2016-02-10,139.25,139.25,127.95,127.97,125.34,6
2016-02-11,127.9,127.9,122.0,122.0,119.49,8
2016-02-12,115.9,115.9,115.9,115.9,113.52,2
2016-02-15,121.0,121.5,110.12,110.12,107.86,2104
2016-02-16,105.0,115.2,105.0,115.2,112.83,154
2016-02-17,109.75,109.75,109.5,109.5,107.25,410
2016-02-18,109.5,109.5,109.5,109.5,107.25,0
2016-02-19,105.0,105.0,105.0,105.0,102.84,330
2016-02-22,110.0,110.0,103.0,103.0,100.88,318
2016-02-23,103.0,103.0,103.0,103.0,100.88,0
2016-02-24,97.9,107.3,97.9,100.0,97.94,24
2016-02-25,95.0,95.0,95.0,95.0,93.05,2
2016-02-26,95.0,95.0,95.0,95.0,93.05,0
2016-02-29,99.75,99.75,90.5,90.5,88.64,6
2016-03-01,86.28,92.0,86.25,92.0,90.11,400
2016-03-02,96.5,96.5,96.5,96.5,94.52,4
2016-03-03,101.0,101.0,101.0,101.0,98.92,2
2016-03-04,101.0,101.0,101.0,101.0,98.92,0
2016-03-08,101.0,101.0,101.0,101.0,98.92,0
2016-03-09,101.0,101.0,101.0,101.0,98.92,0
2016-03-10,106.0,106.0,106.0,106.0,103.82,2
2016-03-11,111.18,111.18,101.5,101.5,99.41,126
2016-03-14,101.5,101.5,101.5,101.5,99.41,0
2016-03-15,101.5,101.5,101.5,101.5,99.41,0
2016-03-16,105.32,105.32,97.05,104.65,102.5,12012
2016-03-17,109.38,109.38,100.0,100.25,98.19,3722
2016-03-18,104.5,104.5,100.0,100.0,97.94,352
2016-03-21,104.5,104.5,95.0,98.0,95.98,34
2016-03-22,100.38,100.38,100.38,100.38,98.31,20
2016-03-23,104.3,104.3,95.43,100.38,98.31,102
2016-03-28,103.75,103.75,102.4,102.5,100.39,202
2016-03-29,104.5,104.5,104.5,104.5,102.35,10
2016-03-30,100.0,103.97,100.0,103.97,101.84,12
2016-03-31,108.5,108.5,108.5,108.5,106.27,2
2016-04-01,108.5,108.5,108.5,108.5,106.27,0
2016-04-04,103.07,103.07,103.07,103.07,100.96,212
2016-04-05,105.0,105.0,105.0,105.0,102.84,200
2016-04-06,107.5,107.5,107.5,107.5,105.29,2
2016-04-07,107.5,107.5,107.5,107.5,105.29,0
2016-04-08,107.5,107.5,107.5,107.5,105.29,0
2016-04-11,107.5,107.5,107.5,107.5,105.29,0
2016-04-12,107.5,107.5,107.5,107.5,105.29,0
2016-04-13,112.0,112.0,102.12,107.35,105.14,122
2016-04-18,107.5,109.5,107.5,107.5,105.29,1142
2016-04-20,107.55,112.88,107.5,112.53,110.21,1908
2016-04-21,114.75,118.15,107.5,108.1,105.88,44
2016-04-22,107.5,107.5,107.5,107.5,105.29,100
2016-04-25,107.5,107.75,107.5,107.75,105.53,506
2016-04-26,102.4,102.53,102.4,102.5,100.39,114
2016-04-27,107.5,107.5,107.5,107.5,105.29,80
2016-04-28,107.5,107.5,107.5,107.5,105.29,250
2016-04-29,107.5,107.5,107.5,107.5,105.29,276
2016-05-02,107.5,112.88,107.5,112.88,110.55,52
2016-05-03,107.5,117.95,107.5,117.95,115.52,42
2016-05-04,117.95,117.95,117.95,117.95,115.52,0
2016-05-05,117.95,117.95,117.95,117.95,115.52,0
2016-05-06,119.5,119.5,112.07,112.07,109.77,132
2016-05-09,117.5,117.5,108.0,115.32,112.95,144
2016-05-10,115.0,115.0,115.0,115.0,112.63,120
2016-05-11,115.0,115.0,115.0,115.0,112.63,4
2016-05-12,120.75,120.75,120.75,120.75,118.27,2
2016-05-13,117.5,120.0,117.5,118.6,116.16,748
2016-05-16,118.6,118.6,118.6,118.6,116.16,0
2016-05-17,124.5,124.5,122.5,122.5,119.98,4
2016-05-18,117.5,117.5,117.5,117.5,115.08,674
2016-05-19,117.5,117.5,117.5,117.5,115.08,300
2016-05-20,117.5,117.5,117.5,117.5,115.08,350
2016-05-23,117.5,117.5,117.5,117.5,115.08,254
2016-05-24,117.5,117.5,117.5,117.5,115.08,200
2016-05-25,117.5,123.0,117.5,119.53,117.07,408
2016-05-26,119.53,119.53,119.53,119.53,117.07,0
2016-05-27,119.53,119.53,119.53,119.53,117.07,0
2016-05-30,125.5,125.5,125.5,125.5,122.92,2348
2016-05-31,125.5,125.5,125.5,125.5,122.92,0
2016-06-01,125.5,125.5,125.5,125.5,122.92,0
2016-06-02,125.5,125.5,125.5,125.5,122.92,0
2016-06-03,125.5,125.5,125.5,125.5,122.92,0
2016-06-06,125.5,125.5,125.5,125.5,122.92,0
2016-06-07,127.5,127.5,119.5,119.5,117.04,22
2016-06-08,120.25,124.97,120.25,124.97,122.4,102
2016-06-09,124.97,124.97,124.97,124.97,122.4,0
2016-06-10,122.5,122.5,122.5,122.5,119.98,100
2016-06-13,122.5,122.5,122.5,122.5,119.98,0
2016-06-14,122.5,122.5,122.5,122.5,119.98,0
2016-06-15,126.97,128.5,126.75,126.97,124.36,204
2016-06-16,126.97,126.97,126.97,126.97,124.36,0
2016-06-17,132.5,132.5,129.95,129.95,127.28,30
2016-06-20,130.0,132.0,125.0,125.0,122.43,134
2016-06-21,126.18,126.18,125.0,125.0,122.43,806
2016-06-22,131.25,131.25,120.0,120.0,117.53,1200
2016-06-23,120.0,120.0,120.0,120.0,117.53,0
2016-06-24,120.0,120.0,120.0,120.0,117.53,0
2016-06-27,118.05,125.95,118.05,125.95,123.36,100
2016-06-28,125.95,125.95,125.95,125.95,123.36,0
2016-06-29,125.0,125.0,125.0,125.0,122.43,100
2016-06-30,125.0,125.0,125.0,125.0,122.43,0
2016-07-01,125.0,125.0,125.0,125.0,122.43,0
2016-07-04,131.0,131.0,131.0,131.0,128.31,20
2016-07-05,127.5,127.5,127.5,127.5,124.88,100
2016-07-07,127.5,127.5,127.5,127.5,124.88,0
2016-07-08,127.5,127.5,127.5,127.5,124.88,1010
2016-07-11,127.5,127.5,127.5,127.5,124.88,0
2016-07-12,127.5,127.5,127.5,127.5,124.88,0
2016-07-13,127.5,127.5,127.5,127.5,124.88,0
2016-07-14,127.5,127.5,127.5,127.5,124.88,0
2016-07-15,127.5,127.5,127.5,127.5,124.88,0
2016-07-18,127.5,127.5,127.5,127.5,124.88,0
2016-07-19,127.5,127.5,127.5,127.5,124.88,0
2016-07-20,127.5,127.5,127.5,127.5,124.88,0
2016-07-21,128.0,133.85,128.0,133.85,131.1,14
2016-07-22,128.0,140.52,128.0,140.52,137.63,368
2016-07-25,141.5,147.5,137.5,147.5,144.47,136
2016-07-26,150.0,150.0,150.0,150.0,146.92,60
2016-07-27,150.0,150.0,150.0,150.0,146.92,0
2016-07-28,142.5,142.5,142.5,142.5,139.57,14
2016-07-29,142.5,142.5,142.5,142.5,139.57,0
2016-08-01,140.0,140.0,140.0,140.0,137.12,300
2016-08-02,133.12,133.12,133.1,133.1,130.36,20
2016-08-03,127.0,127.0,127.0,127.0,124.39,2
2016-08-04,127.0,127.0,127.0,127.0,124.39,0
2016-08-05,127.0,127.0,127.0,127.0,124.39,0
2016-08-08,127.0,127.0,125.32,125.68,123.09,204
2016-08-09,125.68,125.68,125.68,125.68,123.58,0
2016-08-10,125.0,125.5,125.0,125.5,123.41,98
2016-08-11,123.55,123.55,123.55,123.55,121.49,2
2016-08-12,125.0,125.62,125.0,125.62,123.53,90
2016-08-16,125.62,125.62,125.62,125.62,123.53,0
2016-08-17,125.62,125.62,119.5,125.0,122.92,12
2016-08-18,125.0,125.0,125.0,125.0,122.92,0
2016-08-19,125.07,125.07,120.05,125.0,122.92,196
2016-08-22,125.05,125.05,125.0,125.0,122.92,200
2016-08-23,125.0,125.0,125.0,125.0,122.92,0
2016-08-24,129.95,129.95,125.0,125.0,122.92,280
2016-08-25,129.95,129.95,125.15,129.95,127.79,52
2016-08-26,134.5,134.5,134.5,134.5,132.26,50
2016-08-29,139.5,139.5,130.5,137.5,135.21,152
2016-08-30,137.5,137.5,137.5,137.5,135.21,0
2016-08-31,143.5,144.0,142.45,144.0,141.6,102
2016-09-01,144.0,151.2,144.0,151.2,148.68,118
2016-09-02,151.2,151.2,151.2,151.2,148.68,0
2016-09-06,151.0,151.0,151.0,151.0,148.49,50
2016-09-07,144.5,153.0,144.5,153.0,150.45,218
2016-09-08,153.25,153.25,153.25,153.25,150.7,20
2016-09-09,153.98,153.98,149.95,153.7,151.14,638
2016-09-12,154.5,154.5,150.0,152.5,149.96,118
2016-09-14,150.0,150.0,150.0,150.0,147.5,200
2016-09-15,145.0,145.0,145.0,145.0,142.59,100
2016-09-16,145.0,145.0,145.0,145.0,142.59,0
2016-09-19,145.0,151.9,138.0,138.0,135.7,52
2016-09-20,138.0,138.0,138.0,138.0,135.7,0
2016-09-21,138.0,138.0,138.0,138.0,135.7,0
2016-09-22,144.7,144.7,144.7,144.7,142.29,10
2016-09-23,151.93,151.93,151.93,151.93,149.39,18
2016-09-26,151.0,154.57,145.5,154.0,151.44,522
2016-09-27,147.5,153.0,147.5,153.0,150.45,1140
2016-09-28,153.0,153.0,145.35,145.35,142.93,364
2016-09-29,145.0,145.0,145.0,145.0,142.59,4
2016-09-30,145.5,152.25,145.5,152.0,149.47,2234
2016-10-03,152.5,152.5,145.0,149.4,146.91,770
2016-10-04,152.5,152.5,152.0,152.5,149.96,1708
2016-10-05,145.5,160.12,145.15,158.88,156.23,436
2016-10-06,153.0,153.5,152.5,152.5,149.96,64
2016-10-07,152.5,152.5,152.5,152.5,149.96,0
2016-10-10,153.0,153.0,153.0,153.0,150.45,88
2016-10-13,153.0,153.0,153.0,153.0,150.45,0
2016-10-14,159.5,159.5,159.5,159.5,156.84,10
2016-10-17,165.0,167.48,153.5,154.18,151.61,236
2016-10-18,161.85,161.85,161.85,161.85,159.15,180
2016-10-19,154.15,154.15,154.15,154.15,151.58,80
2016-10-20,161.85,161.85,151.5,152.5,149.96,796
2016-10-21,160.0,160.12,160.0,160.12,157.46,146
2016-10-24,168.0,168.0,160.0,168.0,165.2,110
2016-10-25,159.77,159.77,159.75,159.75,157.09,100
2016-10-26,159.75,159.75,159.75,159.75,157.09,0
2016-10-27,159.75,159.75,159.75,159.75,157.09,0
2016-10-28,160.6,160.6,157.5,157.9,155.27,30
2016-11-01,165.7,165.7,165.7,165.7,162.94,100
2016-11-02,168.0,168.0,168.0,168.0,165.2,6
2016-11-03,160.25,160.25,160.25,160.25,157.58,18
2016-11-04,157.5,157.75,157.5,157.75,155.12,920
2016-11-07,165.5,165.5,165.0,165.0,162.25,26
2016-11-08,171.2,171.2,170.95,170.95,168.1,6
2016-11-09,162.5,162.5,162.5,162.5,159.79,10
2016-11-10,170.5,170.62,170.5,170.62,167.78,56
2016-11-11,165.0,177.5,165.0,177.5,174.54,360
2016-11-15,170.0,186.38,170.0,185.32,182.24,284
2016-11-16,187.5,187.5,187.5,187.5,184.38,50
2016-11-17,187.5,196.5,187.0,196.5,193.23,208
2016-11-18,205.7,206.32,205.7,206.32,202.89,616
2016-11-21,216.5,216.62,215.0,215.0,211.42,420
2016-11-22,215.0,215.0,215.0,215.0,211.42,50
2016-11-23,224.5,225.5,224.0,225.0,221.25,122
2016-11-24,234.7,236.25,234.7,236.25,232.32,324
2016-11-25,248.05,248.05,248.05,248.05,243.92,200
2016-11-28,260.4,260.45,251.5,260.45,256.11,100
2016-11-29,272.5,273.45,260.48,273.45,268.9,242
2016-11-30,287.0,287.1,287.0,287.1,282.32,114
2016-12-01,301.45,301.45,300.02,300.05,295.05,654
2016-12-02,300.05,315.05,300.05,315.05,309.8,946
2016-12-05,330.8,330.8,325.0,330.8,325.29,456
2016-12-06,347.33,347.33,347.0,347.0,341.22,62
2016-12-07,347.0,362.5,347.0,347.5,341.71,318
2016-12-08,347.5,347.5,330.12,330.12,324.63,288
2016-12-09,314.5,315.0,313.62,313.62,308.4,190
2016-12-12,297.95,297.95,297.95,297.95,292.99,8
2016-12-13,297.95,297.95,285.0,285.0,280.25,30
2016-12-14,270.75,270.75,270.75,270.75,266.24,84
2016-12-15,257.5,260.0,257.45,260.0,255.67,498
2016-12-16,248.0,248.0,247.5,247.5,243.38,80
2016-12-19,247.5,247.5,235.12,235.12,231.21,26
2016-12-20,235.12,235.12,223.38,223.38,219.65,578
2016-12-21,213.0,213.5,212.62,212.62,209.08,144
2016-12-22,202.5,220.5,202.0,205.88,202.45,556
2016-12-23,197.5,205.0,195.6,195.6,192.34,268
2016-12-26,195.6,195.6,195.6,195.6,192.34,0
2016-12-27,186.0,205.0,185.82,186.0,182.9,502
2016-12-28,186.0,195.0,176.7,180.5,177.49,798
2016-12-29,171.8,188.0,171.48,171.5,168.64,590
2016-12-30,163.0,177.0,162.93,163.8,161.07,478
2017-01-02,156.15,171.98,155.62,169.25,166.43,610
2017-01-03,177.0,177.0,160.8,160.8,158.12,862
2017-01-04,168.5,168.5,156.0,157.0,154.39,58
2017-01-05,158.5,158.5,155.0,156.5,153.89,258
2017-01-06,156.5,156.5,156.5,156.5,153.89,0
2017-01-09,150.0,150.62,150.0,150.62,148.12,100
2017-01-10,150.62,150.62,150.62,150.62,148.12,0
2017-01-11,152.55,158.15,152.55,158.15,155.52,118
2017-01-12,150.5,158.0,150.5,158.0,155.37,18
2017-01-13,158.0,158.0,158.0,158.0,155.37,0
2017-01-16,157.5,157.5,157.5,157.5,154.88,100
2017-01-17,162.5,162.5,162.5,162.5,159.79,22
2017-01-18,160.0,160.0,160.0,160.0,157.34,2
2017-01-19,160.0,160.0,160.0,160.0,157.34,0
2017-01-20,160.0,160.0,160.0,160.0,157.34,0
2017-01-23,160.0,160.0,160.0,160.0,157.34,0
2017-01-24,165.0,165.18,165.0,165.15,162.4,132
2017-01-25,173.0,173.0,173.0,173.0,170.12,2
2017-01-27,181.65,181.65,181.65,181.65,178.62,180
2017-01-30,190.73,190.73,190.73,190.73,187.55,62
2017-01-31,188.0,200.25,188.0,200.25,196.92,92
2017-02-01,192.5,192.5,192.5,192.5,189.29,48
2017-02-02,193.0,202.0,192.52,200.35,197.01,34
2017-02-03,191.0,210.0,191.0,197.5,194.21,316
2017-02-06,207.38,207.38,207.38,207.38,203.92,558
2017-02-07,217.73,217.73,217.73,217.73,214.1,108
2017-02-08,228.6,228.6,228.6,228.6,224.79,1030
2017-02-09,240.0,240.0,231.4,238.18,234.21,970
2017-02-10,249.5,249.5,240.0,247.5,243.38,326
2017-02-13,259.88,259.88,259.88,259.88,255.55,180
2017-02-14,272.85,272.85,272.85,272.85,268.31,2532
2017-02-15,284.95,286.48,284.95,286.48,281.7,1204
2017-02-16,300.77,300.77,300.77,300.77,295.77,2212
2017-02-17,310.48,315.8,310.48,315.8,310.54,1384
2017-02-20,311.23,331.58,311.23,331.52,326.0,970
2017-02-21,320.5,344.95,320.5,344.5,338.76,68
2017-02-22,336.05,345.0,327.27,327.27,321.82,152
2017-02-23,327.27,327.27,327.27,327.27,321.82,0
2017-02-27,312.75,312.75,312.5,312.67,307.47,56
2017-02-28,312.5,312.5,305.0,305.0,299.92,64
2017-03-01,295.0,305.0,295.0,305.0,299.92,114
2017-03-02,297.5,297.52,290.0,292.33,287.46,1588
2017-03-03,282.0,282.5,279.0,279.0,274.35,3758
2017-03-06,279.0,279.0,279.0,279.0,274.35,4
2017-03-07,279.0,279.0,265.5,279.0,274.35,14
2017-03-08,265.25,292.95,265.05,265.5,261.08,162
2017-03-09,255.0,255.0,255.0,255.0,250.75,20
2017-03-10,255.0,255.0,252.5,252.5,248.29,280
2017-03-14,241.0,242.5,240.5,242.5,238.46,152
2017-03-15,250.0,250.0,250.0,250.0,245.84,20
2017-03-16,262.0,262.0,262.0,262.0,257.64,20
2017-03-17,274.75,275.1,274.75,274.75,270.17,80
2017-03-20,288.48,288.48,288.48,288.48,283.67,256
2017-03-21,288.77,301.98,287.5,287.5,282.71,342
2017-03-22,288.0,294.05,287.5,292.5,287.63,100
2017-03-23,305.5,305.5,302.5,302.5,297.46,8
2017-03-24,302.5,314.48,287.48,301.98,296.95,296
2017-03-27,299.25,300.0,299.25,300.0,295.0,80
2017-03-28,300.0,300.0,300.0,300.0,295.0,0
2017-03-29,295.0,295.0,295.0,295.0,290.09,2
2017-03-30,309.5,309.5,309.48,309.48,304.32,6
2017-03-31,309.48,309.48,309.48,309.48,304.32,0
2017-04-03,314.95,324.92,314.95,324.92,319.51,564
2017-04-05,312.5,341.15,310.08,341.0,335.32,408
2017-04-06,341.0,341.0,341.0,341.0,335.32,0
2017-04-07,325.0,342.5,325.0,333.33,327.77,54
2017-04-10,330.0,342.5,322.5,342.5,336.8,422
2017-04-11,342.5,342.5,342.5,342.5,336.8,0
2017-04-12,325.5,359.62,325.5,357.33,351.37,400
2017-04-13,357.33,365.0,340.5,365.0,358.92,90
2017-04-17,365.0,365.0,355.0,360.0,354.0,1150
2017-04-18,362.5,374.5,358.0,366.25,360.15,380
2017-04-19,355.02,355.02,355.0,355.0,349.09,20
2017-04-20,355.0,357.0,355.0,357.0,351.05,174
2017-04-21,374.5,374.5,349.5,352.2,346.33,290
2017-04-24,349.5,349.5,349.5,349.5,343.68,10
2017-04-25,360.73,366.05,333.58,355.0,349.09,384
2017-04-26,342.5,355.0,339.5,355.0,349.09,110
2017-04-27,355.0,355.0,355.0,355.0,349.09,0
2017-04-28,355.0,355.0,355.0,355.0,349.09,0
2017-05-02,350.0,350.0,350.0,350.0,344.17,2
2017-05-03,350.0,350.0,350.0,350.0,344.17,260
2017-05-04,366.5,366.5,332.5,333.0,327.45,206
2017-05-05,333.0,333.0,333.0,333.0,327.45,0
2017-05-08,330.3,330.3,330.3,330.3,324.8,2
2017-05-09,330.0,346.75,313.8,346.5,340.73,318
2017-05-10,329.2,355.5,329.2,355.0,349.09,8
2017-05-11,352.5,367.5,352.5,367.5,361.38,226
2017-05-12,385.88,385.88,382.5,385.88,379.45,22288
2017-05-15,399.95,399.95,366.6,368.6,362.46,3992
2017-05-16,362.55,362.55,350.17,351.12,345.28,1324
2017-05-17,367.4,367.45,345.0,345.0,339.25,320
2017-05-18,335.0,350.0,335.0,350.0,344.17,2134
2017-05-19,360.92,360.92,349.5,349.5,343.68,124
2017-05-22,349.5,361.0,337.5,342.7,336.99,2522
2017-05-23,337.5,337.5,337.5,337.5,331.88,4
2017-05-24,337.5,337.5,337.5,337.5,331.88,0
2017-05-25,330.0,330.0,320.62,322.5,317.13,1470
2017-05-26,322.5,322.5,322.5,322.5,317.13,0
2017-05-29,315.0,320.0,315.0,315.95,310.69,200
2017-05-30,319.5,319.5,311.0,319.5,314.18,102
2017-05-31,312.5,326.0,312.5,317.5,312.21,1912
2017-06-01,320.0,333.38,315.0,333.38,327.82,2494
2017-06-02,350.02,350.02,350.02,350.02,344.2,188
2017-06-05,367.52,367.52,357.5,362.65,356.61,4510
2017-06-06,375.48,375.48,345.0,368.85,362.71,2588
2017-06-07,370.0,370.0,350.5,355.0,349.09,894
2017-06-08,370.0,370.0,352.5,365.5,359.41,432
2017-06-09,362.7,395.65,362.7,372.5,366.3,1508
2017-06-12,378.5,409.0,377.0,393.58,387.02,1350
2017-06-13,403.2,412.5,402.5,410.0,403.17,2120
2017-06-14,410.02,430.0,400.62,427.75,420.63,2700
2017-06-15,464.5,464.5,430.0,440.55,433.21,2962
2017-06-16,450.0,469.0,445.0,448.4,440.93,1044
2017-06-19,448.12,448.12,422.73,426.02,418.93,56
2017-06-20,426.02,426.02,401.75,401.75,395.06,532
2017-06-21,405.0,405.0,370.6,375.02,368.78,2648
2017-06-22,405.0,405.0,377.5,391.42,384.91,518
2017-06-23,400.25,400.25,380.5,395.0,388.42,748
2017-06-27,355.52,395.0,355.52,377.4,371.11,1024
2017-06-28,394.88,394.88,386.02,394.5,387.93,16
2017-06-29,385.0,394.88,385.0,394.88,388.3,78
2017-06-30,368.15,389.5,367.5,374.5,368.26,96
2017-07-03,375.0,385.0,375.0,375.33,369.07,220
2017-07-04,360.0,362.5,350.12,359.45,353.46,2722
2017-07-05,357.5,384.5,357.5,384.5,378.1,734
2017-07-06,392.45,412.5,388.0,406.83,400.05,1112
2017-07-07,447.5,447.5,386.5,411.35,404.5,1866
2017-07-10,425.0,425.0,395.55,402.9,396.19,50
2017-07-11,441.0,441.0,401.5,404.45,397.71,1124
2017-07-12,438.5,438.5,402.5,405.52,398.77,802
2017-07-13,387.0,425.0,387.0,415.0,408.09,250
2017-07-14,415.0,423.5,401.5,406.02,400.23,970
2017-07-17,414.1,427.95,392.0,395.4,389.75,1006
2017-07-18,398.5,405.5,398.0,398.0,392.32,674
2017-07-19,387.85,410.0,387.0,394.9,389.26,744
2017-07-20,408.2,408.2,382.5,392.62,387.02,754
2017-07-21,394.02,396.5,382.5,383.6,378.12,114
2017-07-24,387.5,388.0,365.0,375.0,369.65,860
2017-07-25,408.48,408.5,362.5,381.5,376.05,126
2017-07-26,395.0,395.0,371.0,374.92,369.57,1518
2017-07-27,375.0,375.0,355.0,357.7,352.59,3424
2017-07-28,354.95,359.0,347.5,353.0,347.96,536
2017-07-31,353.0,360.0,350.0,355.62,350.55,850
2017-08-01,351.0,353.92,351.0,353.92,348.87,12
2017-08-02,351.5,361.45,351.5,354.58,349.51,428
2017-08-03,358.4,361.45,347.5,352.58,347.54,344
2017-08-04,352.5,358.4,349.0,356.75,351.66,56
2017-08-07,358.4,366.5,350.0,362.5,357.32,704
2017-08-08,365.0,366.0,350.05,353.55,348.5,534
2017-08-09,339.0,354.0,323.5,343.25,338.35,132
2017-08-10,343.5,343.5,327.55,327.55,322.87,230
2017-08-11,355.3,375.0,325.15,369.12,363.85,1358
2017-08-14,372.5,372.5,303.98,354.33,349.27,2836
2017-08-16,363.95,375.0,334.2,361.0,355.85,964
2017-08-17,346.62,361.5,346.58,350.83,345.82,262
2017-08-18,354.0,375.0,354.0,358.6,353.48,616
2017-08-21,367.5,367.5,334.1,344.17,339.26,352
2017-08-22,362.0,362.0,342.02,343.73,338.82,60
2017-08-23,358.25,358.25,332.5,352.5,347.47,34
2017-08-24,350.0,350.0,342.5,347.5,342.54,254
2017-08-28,347.5,354.5,335.52,354.5,349.44,68
2017-08-29,337.02,353.5,332.5,343.0,338.1,286
2017-08-30,343.58,357.5,343.58,350.0,345.0,296
2017-08-31,332.52,415.5,332.52,351.58,346.55,328
2017-09-01,341.0,350.5,341.0,343.77,338.87,490
2017-09-04,364.75,364.75,330.0,352.5,347.47,218
2017-09-05,344.5,344.5,344.5,344.5,339.58,4
2017-09-06,365.0,365.0,338.1,353.42,348.38,156
2017-09-07,355.0,365.0,348.6,348.6,343.62,480
2017-09-08,345.55,350.5,340.0,342.23,337.34,322
2017-09-11,349.95,410.65,316.98,383.33,377.85,2124
2017-09-12,370.0,385.0,368.25,384.5,379.01,440
2017-09-13,375.0,419.95,375.0,387.67,382.14,3750
2017-09-14,372.5,392.5,370.5,373.08,367.75,962
2017-09-15,375.5,382.5,370.5,375.5,370.14,316
2017-09-18,388.5,388.5,308.05,354.92,349.86,5896
2017-09-19,352.5,365.0,350.55,354.62,349.56,712
2017-09-20,367.5,367.5,355.0,355.0,349.93,24
2017-09-21,355.0,360.0,350.0,352.5,347.47,3028
2017-09-22,352.5,352.5,340.0,341.0,336.13,522
2017-09-25,341.0,355.0,341.0,353.92,348.87,140
2017-09-26,347.5,347.5,338.9,346.88,341.92,458
2017-09-27,347.5,347.5,320.0,325.67,321.02,792
2017-09-28,350.0,350.0,330.0,330.0,325.29,48
2017-09-29,330.3,396.0,325.0,330.55,325.83,2226
2017-10-03,347.0,359.5,337.52,344.33,339.41,264
2017-10-04,344.3,352.5,337.5,351.25,346.23,458
2017-10-05,359.5,369.9,340.15,352.5,347.47,964
2017-10-06,352.5,352.5,345.5,345.5,340.57,92
2017-10-09,350.0,365.0,346.5,350.88,345.86,520
2017-10-10,345.0,359.9,345.0,353.65,348.6,1120
2017-10-11,359.88,359.9,346.0,346.0,341.06,850
2017-10-12,359.88,369.5,352.5,355.02,349.96,764
2017-10-13,352.6,359.9,350.0,355.75,350.67,584
2017-10-16,364.7,379.9,358.0,360.65,355.5,2176
2017-10-17,365.0,365.5,360.5,365.5,360.28,186
2017-10-18,368.35,368.35,358.65,358.65,353.53,64
2017-10-19,360.0,374.9,360.0,369.1,363.83,60
2017-10-23,373.0,373.25,356.0,356.0,350.92,482
2017-10-24,369.9,384.75,357.5,373.12,367.8,1306
2017-10-25,384.75,412.5,360.0,387.5,381.97,1856
2017-10-26,375.1,404.35,375.1,381.08,375.63,62
2017-10-27,394.95,399.73,388.5,397.4,391.73,90
2017-10-30,380.0,412.0,380.0,385.0,379.5,378
2017-10-31,372.35,388.5,360.0,364.95,359.74,3494
2017-11-01,384.5,384.5,366.5,379.5,374.08,1378
2017-11-02,379.0,379.0,366.52,367.77,362.52,256
2017-11-03,367.5,382.48,365.02,367.05,361.81,224
2017-11-06,388.15,440.45,388.15,440.45,434.16,17620
2017-11-07,488.75,525.0,456.5,468.75,462.06,14332
2017-11-08,475.0,475.0,430.0,443.35,437.02,2438
2017-11-09,450.0,452.23,430.5,431.1,424.94,596
2017-11-10,438.0,451.0,432.5,435.17,428.96,2656
2017-11-13,425.52,453.0,421.5,443.6,437.27,820
2017-11-14,490.2,490.2,429.02,443.75,437.41,942
2017-11-15,456.98,470.0,403.98,415.85,409.91,7388
2017-11-16,419.98,435.0,406.2,411.12,405.25,1440
2017-11-17,424.0,424.0,397.58,411.75,405.87,762
2017-11-20,412.0,434.35,406.67,413.5,407.6,1390
2017-11-21,415.0,433.42,415.0,416.0,410.06,412
2017-11-22,417.5,436.23,417.5,435.0,428.79,1230
2017-11-23,435.0,446.73,427.52,436.35,430.12,716
2017-11-24,444.5,445.5,415.0,417.4,411.44,3426
2017-11-27,416.0,436.92,415.5,419.35,413.36,222
2017-11-28,442.5,442.5,415.0,415.52,409.59,1178
2017-11-29,432.42,432.42,416.0,419.75,413.76,888
2017-11-30,418.77,430.0,418.5,420.05,414.05,492
2017-12-01,412.12,423.92,405.0,414.77,408.85,282
2017-12-04,415.02,424.23,415.0,416.75,410.8,186
2017-12-05,406.5,415.02,397.58,401.65,395.91,1030
2017-12-06,409.98,420.02,402.25,402.25,396.51,730
2017-12-07,404.98,418.45,393.73,406.9,401.09,658
2017-12-08,419.5,419.5,390.6,395.6,389.95,798
2017-12-11,396.52,414.98,396.52,408.75,402.91,176
2017-12-12,408.7,423.95,408.7,420.55,414.55,12852
2017-12-13,420.5,420.5,395.0,397.55,391.87,2102
2017-12-14,406.5,411.75,400.0,400.52,394.81,410
2017-12-15,401.0,415.0,401.0,413.9,407.99,204
2017-12-18,411.05,424.2,401.5,413.12,407.23,5626
2017-12-19,423.95,437.5,415.0,429.45,423.32,2292
2017-12-20,435.0,490.5,427.5,477.4,470.58,22218
2017-12-21,497.5,506.02,479.0,496.1,489.02,8578
2017-12-22,505.0,505.0,485.08,493.17,486.13,2796
2017-12-26,493.5,510.0,487.0,506.35,499.12,1630
2017-12-27,500.67,567.9,500.65,552.47,544.59,22002
2017-12-28,565.5,595.0,562.5,569.55,561.42,8836
2017-12-29,571.8,594.97,559.0,568.38,560.26,2332
2018-01-01,577.47,682.05,577.47,652.3,642.99,18682
2018-01-02,675.0,717.53,672.47,717.53,707.28,22334
2018-01-03,757.5,789.28,720.08,789.28,778.01,9848
2018-01-04,847.0,868.2,830.05,868.2,855.8,11886
2018-01-05,911.6,911.6,824.8,824.8,813.02,11546
2018-01-08,825.0,850.0,783.58,793.72,782.39,4170
2018-01-09,818.97,819.47,754.05,756.67,745.87,3546
2018-01-10,738.0,775.0,720.5,731.38,720.93,3982
2018-01-11,712.62,767.92,712.62,750.03,739.32,4962
2018-01-12,777.47,777.5,712.53,718.78,708.51,4094
2018-01-15,721.5,732.5,712.5,715.35,705.14,1710
2018-01-16,720.0,727.4,679.6,679.6,669.9,1482
2018-01-17,660.05,713.58,647.0,713.58,703.39,2922
2018-01-18,742.5,749.25,685.5,690.53,680.67,8834
2018-01-19,685.5,716.0,672.55,685.0,675.22,6456
2018-01-22,716.5,719.25,702.62,717.8,707.55,2428
2018-01-23,705.5,739.5,701.22,731.85,721.4,2280
2018-01-24,745.0,747.5,713.0,721.47,711.17,1340
2018-01-25,715.0,734.0,691.0,701.78,691.75,1300
2018-01-29,712.5,730.0,700.0,704.05,694.0,4330
2018-01-30,686.5,710.0,676.5,683.03,673.27,848
2018-01-31,680.0,710.0,679.47,695.25,685.32,678
2018-02-01,678.0,730.0,678.0,698.25,688.28,1490
2018-02-02,671.5,683.5,663.35,680.4,670.68,1718
2018-02-05,660.4,689.9,646.4,677.92,668.24,3390
2018-02-06,644.05,674.5,644.05,649.7,640.42,2522
2018-02-07,674.88,699.55,651.0,658.75,649.34,2230
2018-02-08,693.0,695.0,662.5,664.78,655.28,1544
2018-02-09,618.5,669.5,617.55,652.5,643.18,1210
2018-02-12,630.5,717.75,630.5,717.75,707.5,4986
2018-02-14,785.0,789.53,742.5,752.17,741.43,8416
2018-02-15,770.0,770.0,726.5,740.22,729.66,460
2018-02-16,785.0,785.0,716.28,732.67,722.21,972
2018-02-19,766.0,766.0,727.05,749.58,738.87,2234
2018-02-20,749.5,758.5,721.05,739.25,728.69,388
2018-02-21,718.0,738.95,715.0,729.03,718.62,426
2018-02-22,710.6,734.75,710.6,714.53,704.32,280
2018-02-23,715.5,745.0,700.0,726.12,715.76,3166
2018-02-26,701.0,763.5,695.0,737.75,727.22,1676
2018-02-27,762.5,762.5,718.83,719.38,709.1,932
2018-02-28,737.5,737.5,699.5,730.45,720.02,440
2018-03-01,747.45,755.5,725.0,737.78,727.24,2924
2018-03-05,737.8,754.5,725.0,738.42,727.88,1228
2018-03-06,750.0,750.0,720.0,722.95,712.63,1926
2018-03-07,744.95,744.95,687.5,722.72,712.41,1396
2018-03-08,750.0,759.15,703.25,721.2,710.9,1682
2018-03-09,715.0,720.0,681.17,699.55,689.56,822
2018-03-12,720.0,720.0,685.03,690.72,680.86,1272
2018-03-13,721.75,721.75,695.0,718.95,708.68,176
2018-03-14,715.53,725.0,696.5,702.2,692.17,630
2018-03-15,695.55,722.0,690.5,717.8,707.55,376
2018-03-16,721.0,721.0,685.0,686.08,676.28,970
2018-03-19,710.0,710.0,685.0,692.75,682.86,232
2018-03-20,687.75,700.0,685.0,685.2,675.42,248
2018-03-21,681.12,704.97,657.53,682.6,672.85,458
2018-03-22,707.47,722.2,625.5,648.0,638.75,1686
2018-03-23,645.0,663.5,637.5,650.0,640.72,394
2018-03-26,668.5,669.97,630.0,641.1,631.95,1084
2018-03-27,620.5,658.0,620.5,653.5,644.17,242
2018-03-28,657.47,657.5,625.0,628.97,619.99,698
2018-04-02,640.0,668.0,635.47,661.5,652.05,398
2018-04-03,672.5,700.0,650.5,699.8,689.81,1086
2018-04-04,700.0,711.97,700.0,700.0,690.0,604
2018-04-05,676.0,707.5,675.75,687.65,677.83,130
2018-04-06,688.53,699.95,688.53,691.0,681.13,18
2018-04-09,700.0,700.0,681.97,687.8,677.98,1476
2018-04-10,682.0,687.53,669.97,670.0,660.43,464
2018-04-11,670.03,674.95,652.53,654.9,645.55,632
2018-04-12,684.5,712.47,667.5,693.5,683.6,4880
2018-04-13,709.47,710.0,675.5,685.0,675.22,802
2018-04-16,693.17,693.17,690.0,690.0,680.15,240
2018-04-17,700.0,828.0,698.5,768.45,757.48,32000
2018-04-18,772.5,787.5,695.03,699.97,689.98,10910
2018-04-19,714.97,737.5,701.0,711.38,701.22,5152
2018-04-20,729.97,729.97,692.83,694.78,684.85,1598
2018-04-23,696.0,779.97,696.0,757.38,746.56,6552
2018-04-24,750.0,786.53,737.5,752.42,741.68,2862
2018-04-25,759.97,760.4,747.5,755.0,744.22,576
2018-04-26,755.0,880.0,752.5,823.85,812.09,25630
2018-04-27,840.0,850.5,825.0,831.25,819.38,4294
2018-04-30,850.0,875.0,835.5,861.8,849.49,4304
2018-05-02,884.97,933.9,871.0,898.22,885.4,13864
2018-05-03,923.5,923.72,875.5,881.97,869.38,5480
2018-05-04,877.5,997.97,855.0,908.4,895.43,8408
2018-05-07,909.5,940.0,905.03,915.97,902.9,1560
2018-05-08,948.5,948.5,885.0,890.88,878.15,2676
2018-05-09,862.5,910.0,837.67,856.8,844.57,3718
2018-05-10,855.5,925.0,855.5,874.83,862.33,6866
2018-05-11,906.5,930.0,874.5,891.42,878.7,3700
2018-05-14,890.0,925.0,880.0,917.58,904.47,2088
2018-05-15,917.5,924.65,896.78,901.17,888.31,3346
2018-05-16,895.0,897.0,862.5,892.75,880.0,2694
2018-05-17,895.0,920.0,878.53,892.8,880.05,4868
2018-05-18,883.15,916.53,842.5,860.5,848.21,3340
2018-05-21,860.53,887.42,820.0,826.92,815.12,1424
2018-05-22,828.0,848.67,807.75,818.67,806.99,1334
2018-05-23,860.97,860.97,819.0,847.25,835.15,738
2018-05-24,836.5,867.5,832.5,850.3,838.16,718
2018-05-25,874.5,879.5,869.42,875.67,863.17,506
2018-05-28,875.5,924.5,875.5,906.97,894.02,4762
2018-05-29,907.5,910.0,829.03,834.5,822.58,4600
2018-05-30,832.0,864.45,806.5,849.22,837.1,3432
2018-05-31,869.97,869.97,815.5,820.1,808.39,1152
2018-06-01,820.5,847.45,800.5,801.22,789.78,1990
2018-06-04,775.53,797.5,652.5,677.53,667.85,13646
2018-06-05,668.97,774.0,643.0,725.47,715.12,13988
2018-06-06,724.5,773.5,671.05,684.7,674.92,4526
2018-06-07,711.5,725.0,698.4,719.65,709.37,588
2018-06-08,705.05,705.05,687.55,700.85,690.84,1578
2018-06-11,700.0,732.5,700.0,727.03,716.64,3066
2018-06-12,725.0,746.95,711.05,728.72,718.32,5966
2018-06-13,710.03,727.47,710.03,727.3,716.91,212
2018-06-14,725.0,740.0,725.0,725.92,715.56,6906
2018-06-15,745.97,745.97,729.03,738.65,728.1,264
2018-06-18,747.47,774.95,745.0,765.6,754.67,3772
2018-06-19,774.5,774.78,732.5,744.15,733.52,3968
2018-06-20,750.0,750.0,738.0,744.0,733.38,552
2018-06-21,737.5,752.5,724.0,732.95,722.48,4722
2018-06-22,727.5,735.03,710.5,713.8,703.61,2806
2018-06-25,706.0,722.5,687.5,691.05,681.18,3066
2018-06-26,699.95,717.0,665.5,669.85,660.29,2732
2018-06-27,677.53,681.0,670.5,677.5,667.83,4414
2018-06-28,675.03,702.2,663.0,674.55,664.92,5552
2018-06-29,655.03,686.95,655.0,663.3,653.83,1114
2018-07-02,704.0,704.0,656.5,676.58,666.91,154
2018-07-03,650.62,700.0,650.62,695.78,685.84,610
2018-07-04,677.53,717.28,675.0,693.22,683.33,4942
2018-07-05,696.5,696.5,662.5,667.4,657.87,3172
2018-07-06,671.53,690.0,663.5,666.12,656.61,764
2018-07-09,677.47,692.97,665.5,671.33,661.74,562
2018-07-10,674.83,685.0,672.5,675.05,665.41,392
2018-07-11,687.0,687.0,680.0,680.12,670.41,434
2018-07-12,665.0,724.95,665.0,682.33,672.58,2002
2018-07-13,667.5,696.92,667.5,684.6,674.82,230
2018-07-16,663.0,710.5,649.7,655.88,646.51,764
2018-07-17,670.03,677.4,662.5,673.0,663.39,272
2018-07-18,672.5,678.72,635.0,639.7,630.57,1466
2018-07-19,640.03,649.75,625.05,626.38,617.43,294
2018-07-20,626.38,627.5,622.0,627.5,621.02,40
2018-07-23,614.0,652.55,614.0,640.5,633.88,244
2018-07-24,653.0,662.0,625.0,631.4,624.88,486
2018-07-25,616.53,692.5,616.53,648.22,641.53,3470
2018-07-26,636.2,655.0,636.12,645.5,638.83,2576
2018-07-27,650.0,667.0,641.5,650.0,643.29,62
2018-07-30,646.0,690.0,646.0,667.6,660.7,1042
2018-07-31,670.0,694.28,670.0,676.05,669.07,846
2018-08-01,699.0,710.0,675.5,706.0,698.71,9574
2018-08-02,712.5,740.0,700.0,726.55,719.05,2974
2018-08-03,737.5,737.5,695.5,701.5,694.25,7734
2018-08-06,701.5,734.5,681.12,724.47,716.99,1094
2018-08-07,724.5,742.5,702.6,719.03,711.6,2726
2018-08-08,683.12,724.95,683.12,703.72,696.46,820
2018-08-09,696.7,725.0,687.5,691.33,684.18,438
2018-08-10,700.2,729.97,695.0,697.75,690.54,1268
2018-08-13,708.5,725.0,705.0,713.38,706.01,2046
2018-08-14,706.05,722.0,700.0,710.88,703.53,2336
2018-08-16,725.0,725.0,710.0,713.15,705.78,2562
2018-08-17,700.17,727.0,700.17,721.95,714.49,4572
2018-08-20,737.5,745.0,708.53,710.97,703.63,1212
2018-08-21,700.0,724.5,700.0,707.0,699.7,2356
2018-08-23,737.5,737.5,687.5,701.08,693.83,2088
2018-08-24,688.0,720.25,688.0,694.0,686.83,1042
2018-08-27,688.5,702.5,687.5,700.67,693.44,1456
2018-08-28,697.5,700.03,686.5,693.05,685.89,1144
2018-08-29,704.97,710.0,688.0,698.28,691.06,2120
2018-08-30,690.5,705.03,688.0,691.97,684.83,298
2018-08-31,697.47,702.0,689.1,691.55,684.41,618
2018-09-03,692.5,705.0,670.0,700.5,693.26,1446
2018-09-04,687.55,710.0,687.55,697.25,690.05,1516
2018-09-05,670.5,700.0,670.5,699.4,692.18,804
2018-09-06,685.03,700.03,685.03,697.5,690.3,962
2018-09-07,687.78,704.5,687.75,688.42,681.31,304
2018-09-10,685.03,692.5,661.5,667.45,660.56,1964
2018-09-11,657.5,695.0,657.5,671.0,664.07,542
2018-09-12,689.97,691.95,626.08,637.3,630.72,1652
2018-09-14,643.0,671.0,643.0,652.9,646.16,252
2018-09-17,678.97,679.0,655.05,655.65,648.88,60
2018-09-18,663.05,676.5,660.0,660.88,654.05,90
2018-09-19,677.45,692.47,666.5,667.5,660.61,1776
2018-09-21,698.0,698.0,650.0,678.5,671.49,424
2018-09-24,687.4,687.4,637.5,641.45,634.82,3198
2018-09-25,650.0,650.0,625.62,630.15,623.64,2816
2018-09-26,675.0,675.0,630.7,631.5,624.98,122
2018-09-27,671.0,671.0,584.9,601.7,595.49,1446
2018-09-28,642.47,642.5,585.47,590.0,583.91,594
2018-10-01,589.0,589.0,555.5,556.75,551.0,1642
2018-10-03,556.0,644.47,528.2,575.17,569.23,786
2018-10-04,575.0,582.5,555.0,561.5,555.7,674
2018-10-05,546.5,592.0,545.0,552.33,546.62,2932
2018-10-08,527.0,644.0,505.62,575.0,569.06,3558
2018-10-09,604.97,604.97,550.05,597.8,591.63,360
2018-10-10,587.58,614.97,587.5,593.0,586.88,402
2018-10-11,550.0,588.47,550.0,558.5,552.73,1242
2018-10-12,600.05,670.2,595.8,668.15,661.25,2690
2018-10-15,740.0,740.0,660.0,679.75,672.73,1381
2018-10-16,699.0,699.0,681.2,694.25,687.08,2401
2018-10-17,681.0,695.35,657.5,672.7,665.75,791
2018-10-19,643.0,664.95,611.0,648.1,641.41,205
2018-10-22,650.0,650.0,620.0,620.0,613.6,396
2018-10-23,605.05,622.45,600.0,613.25,606.92,124
2018-10-24,612.05,634.4,577.15,615.0,608.65,309
2018-10-25,615.0,620.0,586.05,610.55,604.24,876
2018-10-26,610.15,610.15,591.65,596.55,590.39,792
2018-10-29,600.2,628.95,600.05,618.7,612.31,346
2018-10-30,610.0,630.0,608.0,615.45,609.09,402
2018-10-31,615.3,653.0,603.05,651.0,644.28,502
2018-11-01,673.0,748.9,670.0,710.25,702.91,11741
2018-11-02,749.9,749.9,703.0,714.85,707.47,638
2018-11-05,691.1,734.95,691.1,722.85,715.38,576
2018-11-06,727.0,734.95,699.0,700.8,693.56,418
2018-11-07,725.0,734.95,720.0,722.85,715.38,163
2018-11-09,700.0,720.0,700.0,702.55,695.29,356
2018-11-12,705.3,722.0,703.0,707.55,700.24,336
2018-11-13,782.0,849.05,782.0,836.0,827.37,27844
2018-11-14,859.95,895.45,755.6,764.4,756.5,7108
2018-11-15,765.0,830.0,765.0,787.8,779.66,4479
2018-11-16,795.0,845.0,761.0,820.1,811.63,2157
2018-11-19,776.0,860.0,776.0,842.85,834.14,1786
2018-11-20,840.0,846.0,802.35,810.85,802.47,1783
2018-11-21,800.0,806.0,770.0,800.4,792.13,1593
2018-11-22,839.0,839.0,794.0,808.5,800.15,1763
2018-11-26,781.3,821.9,781.3,786.25,778.13,1731
2018-11-27,804.85,804.9,785.0,792.65,784.46,1111
2018-11-28,792.0,800.9,785.05,798.65,790.4,879
2018-11-29,801.0,805.0,790.05,804.5,796.19,128
2018-11-30,806.0,834.0,793.15,814.4,805.99,648
2018-12-03,824.95,824.95,795.0,799.1,790.85,112
2018-12-04,800.0,839.95,792.0,832.05,823.46,993
2018-12-05,845.0,845.0,808.1,813.9,805.49,387
2018-12-06,805.2,825.0,801.0,822.2,813.71,788
2018-12-07,810.0,839.95,785.05,798.3,790.05,1972
2018-12-10,808.95,809.0,773.05,779.7,771.65,221
2018-12-11,773.1,777.05,771.9,775.35,767.34,170
2018-12-12,782.1,815.0,782.05,807.4,799.06,1798
2018-12-13,820.0,820.0,789.0,795.0,786.79,1254
2018-12-14,814.95,815.0,783.55,790.2,782.04,644
2018-12-17,793.2,805.0,785.0,788.8,780.65,2751
2018-12-18,785.05,820.0,761.1,799.4,791.14,1009
2018-12-19,815.0,845.0,802.0,843.65,834.94,2804
2018-12-20,850.0,1012.35,849.0,1012.35,1001.89,14843
2018-12-21,1080.0,1200.0,1080.0,1139.9,1128.13,30343
2018-12-24,1150.0,1253.85,1105.6,1245.15,1232.29,26937
2018-12-26,1254.4,1340.0,1148.45,1178.9,1166.72,53893
2018-12-27,1200.0,1215.0,1112.6,1138.2,1126.44,17462
2018-12-28,1169.0,1193.0,1120.5,1139.05,1127.29,7480
2018-12-31,1133.0,1156.0,1090.0,1106.1,1094.68,3495
2019-01-01,1093.8,1110.0,1002.3,1069.7,1058.65,13055
2019-01-02,1074.95,1092.0,1026.1,1069.7,1058.65,4987
2019-01-03,1065.05,1090.0,1040.15,1073.15,1062.07,2209
2019-01-04,1056.95,1099.95,1056.95,1081.15,1069.98,2258
2019-01-07,1108.0,1130.0,1076.0,1109.2,1097.74,3016
2019-01-08,1149.0,1164.65,1080.0,1111.1,1099.62,2270
2019-01-09,1145.0,1145.0,1055.55,1093.05,1081.76,1681
2019-01-10,1060.0,1120.0,1039.0,1114.5,1102.99,1000
2019-01-11,1125.0,1125.0,1091.0,1107.3,1095.86,1143
2019-01-14,1072.0,1125.0,1060.0,1068.4,1057.36,1359
2019-01-15,1068.5,1104.1,1055.1,1071.0,1059.94,368
2019-01-16,1051.1,1094.95,1051.1,1068.4,1057.36,643
2019-01-17,1075.0,1075.0,1050.0,1065.75,1054.74,382
2019-01-18,1025.0,1074.0,1012.5,1012.5,1002.04,1092
2019-01-21,1000.05,1043.0,965.0,997.1,986.8,2228
2019-01-22,1009.0,1009.0,970.1,972.75,962.7,807
2019-01-23,975.0,1000.0,960.0,992.5,982.25,452
2019-01-24,972.0,980.0,960.0,963.0,953.05,192
2019-01-25,950.0,963.0,942.0,949.55,939.74,386
2019-01-28,981.0,990.0,911.5,916.2,906.74,338
2019-01-29,959.9,959.9,900.0,917.25,907.78,588
2019-01-30,910.05,929.85,910.0,923.65,914.11,275
2019-01-31,901.0,950.0,881.0,902.95,893.62,966
2019-02-01,885.0,948.0,860.0,904.7,895.36,51
2019-02-04,904.7,949.9,904.7,949.9,940.09,1117
2019-02-05,921.1,988.9,921.0,943.9,934.15,329
2019-02-06,923.2,934.85,913.05,917.0,907.53,300
2019-02-07,893.2,938.0,893.2,925.45,915.89,106
2019-02-08,929.0,948.5,928.95,932.1,922.47,465
2019-02-11,944.0,950.0,910.05,948.7,938.9,379
2019-02-12,901.3,996.1,901.3,957.7,947.81,840
2019-02-14,931.5,931.5,886.0,908.75,899.36,413
2019-02-15,890.0,914.95,890.0,914.95,905.5,30
2019-02-18,885.0,948.35,873.0,893.95,884.72,549
2019-02-19,914.9,935.0,900.0,907.1,897.73,2830
2019-02-20,900.0,939.95,900.0,906.0,896.64,11
2019-02-21,944.95,944.95,880.0,906.35,896.99,274
2019-02-22,911.0,925.0,901.0,906.0,896.64,110
2019-02-25,906.0,940.0,906.0,917.0,907.53,272
2019-02-26,912.05,959.8,910.0,927.4,917.82,517
2019-02-27,949.95,959.9,927.0,929.95,920.34,200
2019-02-28,940.0,959.1,925.0,950.0,940.19,2665
2019-03-01,960.0,960.0,910.0,922.7,913.17,734
2019-03-05,955.0,965.0,910.0,949.0,939.2,2643
2019-03-06,970.0,970.0,930.0,954.9,945.04,375
2019-03-07,979.95,1002.6,935.0,961.9,951.96,1395
2019-03-08,951.0,991.9,929.0,936.7,927.03,1178
2019-03-11,960.0,975.6,921.1,933.0,923.36,1046
2019-03-12,965.0,965.0,919.05,950.0,940.19,319
2019-03-13,964.7,965.0,932.0,950.7,940.88,256
2019-03-14,935.05,951.5,915.0,926.3,916.73,1908
2019-03-15,930.0,949.8,901.05,930.5,920.89,2277
2019-03-18,905.2,974.6,905.2,925.0,915.45,1170
2019-03-19,960.0,960.0,915.0,920.0,910.5,690
2019-03-20,948.0,948.0,901.0,906.6,897.24,776
2019-03-22,940.0,940.0,900.0,901.85,892.53,648
2019-03-25,928.9,928.9,875.0,899.95,890.65,1068
2019-03-26,922.75,922.75,871.0,889.0,879.82,3832
2019-03-27,924.65,924.65,875.0,900.0,890.7,1050
2019-03-28,901.0,902.0,865.0,882.35,873.24,484
2019-04-01,926.8,926.8,875.0,884.8,875.66,1583
2019-04-02,880.0,908.0,880.0,886.0,876.85,2867
2019-04-03,921.1,921.1,870.0,879.4,870.32,783
2019-04-04,909.85,909.85,860.0,867.5,858.54,1250
2019-04-05,948.0,948.0,865.0,875.9,866.85,1472
2019-04-08,900.95,900.95,862.0,867.95,858.99,723
2019-04-09,889.95,889.95,848.0,851.7,842.9,956
2019-04-10,872.95,872.95,850.0,859.65,850.77,257
2019-04-11,877.95,877.95,840.0,848.05,839.29,422
2019-04-12,840.0,898.0,840.0,852.1,843.3,185
2019-04-15,875.05,897.8,826.6,848.1,839.34,6604
2019-04-16,872.95,932.9,870.85,932.9,923.26,6613
2019-04-18,979.95,1005.0,950.0,961.8,951.87,6443
2019-04-22,974.0,1005.05,950.1,956.4,946.52,3885
2019-04-23,951.5,968.95,935.0,947.6,937.81,2465
2019-04-24,922.55,987.9,922.5,942.3,932.57,337
2019-04-25,964.75,964.75,922.0,927.2,917.62,1469
2019-04-26,984.95,984.95,925.0,928.15,918.56,1030
2019-04-30,969.8,969.8,891.2,916.6,907.13,385
2019-05-02,969.95,969.95,900.0,917.35,907.87,327
2019-05-03,904.1,959.0,904.05,932.7,923.07,837
2019-05-06,932.7,980.0,900.0,922.55,913.02,894
2019-05-07,946.95,955.0,881.0,909.75,900.35,818
2019-05-08,902.05,924.95,872.0,899.4,890.11,2083
2019-05-09,937.95,937.95,890.0,909.5,900.11,175
2019-05-10,947.9,947.9,902.15,924.9,915.35,61
2019-05-13,937.95,937.95,890.0,903.75,894.42,1962
2019-05-14,929.95,929.95,848.95,877.25,868.19,11392
2019-05-15,898.85,898.85,870.0,874.75,865.71,63
2019-05-16,907.9,907.9,849.9,866.5,857.55,6905
2019-05-17,851.1,876.0,840.3,859.2,850.33,596
2019-05-20,862.05,912.0,855.0,910.15,900.75,1694
2019-05-21,904.0,904.0,880.0,888.5,879.32,524
2019-05-22,872.05,904.95,872.0,896.75,887.49,514
2019-05-23,920.05,939.0,890.1,895.85,886.6,600
2019-05-24,891.95,975.0,885.15,947.9,938.11,7583
2019-05-27,947.9,977.7,935.05,973.15,963.1,5844
2019-05-28,997.95,1020.0,975.0,997.5,987.2,4859
2019-05-29,1018.95,1020.0,980.05,991.0,980.76,1843
2019-05-30,1019.95,1050.0,991.0,1000.4,990.07,3309
2019-05-31,1025.0,1025.0,925.1,935.7,926.04,4373
2019-06-03,935.05,982.0,935.0,966.15,956.17,3813
2019-06-04,975.0,975.0,952.2,969.75,959.73,2199
2019-06-06,972.95,973.0,945.0,947.45,937.66,395
2019-06-07,944.95,945.0,908.0,923.5,913.96,724
2019-06-10,945.95,946.0,924.95,932.9,923.26,259
2019-06-11,925.0,930.0,901.0,909.75,900.35,534
2019-06-12,924.0,924.0,876.1,881.0,871.9,665
2019-06-13,916.95,918.0,890.25,903.05,893.72,190
2019-06-14,891.0,905.0,877.0,899.35,890.06,881
2019-06-17,880.1,918.0,878.0,899.8,890.51,242
2019-06-18,913.95,913.95,888.3,898.0,888.72,1194
2019-06-19,903.05,903.05,856.1,867.8,858.84,900
2019-06-20,857.05,860.0,830.0,853.15,844.34,3834
2019-06-21,867.95,882.0,835.2,837.55,828.9,2511
2019-06-24,831.05,850.05,802.0,843.4,834.69,1026
2019-06-25,857.95,889.0,836.1,871.65,862.65,365
2019-06-26,872.0,913.9,846.0,900.1,890.8,1290
2019-06-27,914.95,936.9,900.0,912.8,903.37,653
2019-06-28,920.05,942.0,919.95,927.35,917.77,1177
2019-07-01,932.45,945.0,887.1,903.1,893.77,638
2019-07-02,910.0,920.0,885.0,919.4,909.9,316
2019-07-03,929.85,930.0,893.0,905.1,895.75,272
2019-07-04,893.05,901.0,885.0,887.35,878.18,179
2019-07-05,907.95,910.0,888.0,906.1,896.74,187
2019-07-08,924.45,924.45,891.05,899.3,890.01,215
2019-07-09,924.95,925.0,883.0,884.0,874.87,1556
2019-07-10,890.0,890.0,857.05,879.25,870.17,4997
2019-07-11,867.05,876.9,827.0,869.1,860.12,3687
2019-07-12,878.65,884.55,870.0,879.6,870.51,1720
2019-07-15,894.0,900.05,877.0,884.9,875.76,317
2019-07-16,897.3,897.35,881.2,882.9,876.75,196
2019-07-17,902.95,928.0,881.0,897.85,894.64,309
2019-07-18,870.05,924.0,866.5,900.7,897.48,2416
2019-07-19,888.15,888.15,870.0,871.6,868.48,719
2019-07-22,874.05,920.0,832.4,902.15,898.92,2142
2019-07-23,905.0,909.85,891.0,897.6,894.39,160
2019-07-24,906.65,906.7,870.05,900.05,896.83,324
2019-07-25,904.95,906.0,890.1,896.35,893.14,166
2019-07-26,900.35,900.35,875.0,884.25,881.09,171
2019-07-29,902.95,903.0,885.0,889.75,886.57,515
2019-07-30,886.95,909.0,863.6,866.5,863.4,930
2019-07-31,888.95,889.0,855.9,862.2,859.12,617
2019-08-01,865.45,875.5,860.0,869.05,865.94,724
2019-08-02,869.1,880.05,860.25,870.1,866.99,1324
2019-08-05,870.05,884.0,850.0,875.85,872.72,593
2019-08-06,866.95,882.05,860.05,870.1,866.99,400
2019-08-07,868.95,883.0,862.0,879.4,876.25,288
2019-08-08,880.0,883.0,872.95,875.0,871.87,928
2019-08-09,880.0,895.0,879.95,880.05,876.9,1243
2019-08-13,900.0,900.05,862.0,886.2,883.03,2276
2019-08-14,898.05,900.0,879.95,894.35,891.15,170
2019-08-16,896.05,896.05,851.1,859.85,856.77,724
2019-08-19,860.05,862.0,833.5,844.7,841.68,776
2019-08-20,841.0,850.0,835.0,849.15,846.11,240
2019-08-21,848.6,848.6,820.05,830.0,827.03,481
2019-08-22,820.0,837.0,799.95,802.25,799.38,1383
2019-08-23,781.0,786.0,705.2,725.9,723.3,10236
2019-08-26,736.0,750.0,719.95,722.8,720.21,1290
2019-08-27,749.9,785.05,722.2,744.8,742.14,1419
2019-08-28,750.0,788.0,742.5,749.5,746.82,879
2019-08-29,750.0,889.0,750.0,826.8,823.84,5290
2019-08-30,834.0,860.0,792.3,850.6,847.56,4679
2019-09-03,860.0,886.0,820.0,838.1,835.1,2729
2019-09-04,855.0,858.0,835.0,847.45,844.42,802
2019-09-05,835.0,865.0,835.0,852.6,849.55,1319
2019-09-06,850.0,850.0,841.1,848.65,845.61,94
2019-09-09,835.0,884.95,821.2,851.85,848.8,1051
2019-09-11,850.0,880.0,841.3,860.6,857.52,1193
2019-09-12,850.0,867.0,826.3,833.0,830.02,1254
2019-09-13,846.0,846.0,803.0,816.1,813.18,1263
2019-09-16,829.0,837.8,786.25,806.65,803.77,1335
2019-09-17,824.9,827.8,813.0,816.55,813.63,1319
2019-09-18,816.05,819.45,810.0,814.05,811.14,632
2019-09-19,839.0,839.0,801.0,813.5,810.59,477
2019-09-20,790.05,840.0,790.05,819.95,817.02,1046
2019-09-23,849.6,857.0,821.0,834.0,831.02,2726
2019-09-24,846.0,865.0,830.0,860.3,857.22,1192
2019-09-25,864.0,864.0,847.05,850.6,847.56,453
2019-09-26,862.6,862.6,837.25,850.55,847.51,561
2019-09-27,845.35,857.85,840.55,845.0,841.98,429
2019-09-30,865.0,865.0,803.05,816.85,813.93,1113
2019-10-01,816.9,834.0,808.05,825.15,822.2,173
2019-10-03,827.05,828.0,803.0,810.0,807.1,208
2019-10-04,818.75,821.65,762.2,776.75,773.97,2859
2019-10-07,761.05,775.7,732.6,747.75,745.08,3017
2019-10-09,770.0,770.0,741.05,748.0,745.32,657
2019-10-10,748.0,763.85,742.95,757.95,755.24,539
2019-10-11,750.05,759.85,726.7,733.7,731.08,1308
2019-10-14,733.3,781.0,713.0,757.0,754.29,1076
2019-10-15,762.45,776.8,762.45,772.4,769.64,380
2019-10-16,780.05,787.45,761.0,769.75,767.0,646
2019-10-17,761.0,785.0,761.0,770.8,768.04,1012
2019-10-18,772.0,775.9,748.2,762.0,759.27,940
2019-10-22,756.0,801.0,756.0,788.7,785.88,909
2019-10-23,795.0,795.0,758.25,785.9,783.09,1753
2019-10-24,798.0,798.0,782.0,782.8,780.0,280
2019-10-25,771.05,791.45,771.0,784.15,781.35,431
2019-10-29,798.0,813.9,770.0,785.6,782.79,496
2019-10-30,768.05,794.9,760.35,787.8,784.98,1038
2019-10-31,773.0,789.9,771.0,780.95,778.16,740
2019-11-01,795.0,795.0,771.0,788.15,785.33,950
2019-11-04,799.0,799.0,781.0,782.65,779.85,483
2019-11-05,796.95,797.0,782.0,784.05,781.25,1750
2019-11-06,782.1,794.0,775.0,789.2,786.38,695
2019-11-07,780.05,797.05,775.1,796.8,793.95,1768
2019-11-08,791.0,801.9,791.0,801.9,799.03,868
2019-11-11,807.0,844.0,786.05,805.6,802.72,1381
2019-11-13,829.95,845.0,820.0,823.95,821.0,3266
2019-11-14,825.0,839.0,810.0,813.45,810.54,1761
2019-11-15,795.05,803.55,730.0,739.5,736.86,1873
2019-11-18,749.0,774.0,705.6,735.35,732.72,1515
2019-11-19,725.1,757.0,725.1,732.05,729.43,906
2019-11-20,732.05,748.95,720.0,725.1,722.51,1300
2019-11-21,725.2,725.2,641.1,699.55,697.05,6603
2019-11-22,704.0,712.95,671.0,702.85,700.34,824
2019-11-25,700.0,705.0,662.65,677.8,675.38,2088
2019-11-26,698.95,719.0,679.25,705.35,702.83,570
2019-11-27,725.0,725.05,666.0,675.95,673.53,3783
2019-11-28,698.0,698.0,666.05,685.15,682.7,606
2019-11-29,672.0,683.95,669.0,669.6,667.21,591
2019-12-02,687.95,688.0,652.2,669.8,667.4,327
2019-12-03,688.9,688.9,640.0,646.15,643.84,1554
2019-12-04,665.0,665.0,642.0,656.0,653.65,435
2019-12-05,650.0,696.0,622.0,659.8,657.44,2801
2019-12-06,667.1,696.0,666.95,683.65,681.2,631
2019-12-09,677.5,725.1,655.0,659.05,656.69,1553
2019-12-10,678.8,695.0,657.25,673.8,671.39,247
2019-12-11,660.25,674.0,641.15,652.75,650.42,442
2019-12-12,667.0,667.0,642.0,647.65,645.33,183
2019-12-13,663.85,663.85,645.2,650.0,647.68,90
2019-12-16,645.0,659.9,645.0,650.2,647.87,100
2019-12-17,664.8,665.05,654.0,662.95,660.58,1684
2019-12-18,671.0,671.0,654.95,657.15,654.8,519
2019-12-19,655.85,675.1,655.1,674.9,672.49,647
2019-12-20,678.0,690.0,659.85,664.2,661.82,808
2019-12-23,656.05,684.95,656.0,665.95,663.57,529
2019-12-24,668.05,685.0,659.95,680.0,677.57,136
2019-12-26,656.25,684.8,655.0,655.15,652.81,499
2019-12-27,682.0,758.0,660.6,691.95,689.48,2219
2019-12-30,690.0,690.0,670.1,687.35,684.89,210
2019-12-31,682.5,682.5,670.0,670.4,668.0,445
2020-01-01,672.05,680.0,658.0,670.5,668.1,325
2020-01-02,679.0,717.45,679.0,697.8,695.3,889
2020-01-03,702.0,758.0,681.0,746.85,744.18,1950
2020-01-06,752.0,784.0,722.0,727.05,724.45,1331
2020-01-07,728.0,751.05,728.0,735.0,732.37,1137
2020-01-08,750.0,750.0,680.0,694.8,692.32,1400
2020-01-09,694.8,699.7,680.0,685.55,683.1,3135
2020-01-10,690.9,735.0,670.0,707.85,705.32,2557
2020-01-13,707.85,725.0,686.1,702.05,699.54,1365
2020-01-14,700.0,730.0,700.0,718.15,715.58,1054
2020-01-15,741.0,741.0,716.2,725.1,722.51,339
2020-01-16,730.0,732.0,721.95,723.1,720.51,314
2020-01-17,735.0,740.0,728.0,739.85,737.2,727
2020-01-20,730.0,744.0,730.0,730.15,727.54,101
2020-01-21,746.0,746.0,730.1,730.5,727.89,193
2020-01-22,730.65,736.05,730.0,732.8,730.18,572
2020-01-23,736.0,742.0,730.1,740.0,737.35,1060
2020-01-24,742.0,769.95,713.6,752.0,749.31,933
2020-01-27,745.0,755.0,736.25,751.5,748.81,1253
2020-01-28,742.6,755.0,742.6,753.95,751.25,82
2020-01-29,763.9,765.0,754.0,757.15,754.44,808
2020-01-30,765.0,765.0,743.15,743.15,740.49,1006
2020-01-31,735.65,750.0,735.0,743.0,740.34,169
2020-02-03,721.0,757.95,721.0,729.2,726.59,782
2020-02-04,734.95,768.05,729.2,730.95,728.34,1658
2020-02-05,731.65,750.1,721.1,744.8,742.14,404
2020-02-06,759.0,759.0,724.0,724.4,721.81,674
2020-02-07,732.45,735.0,717.0,717.45,714.88,890
2020-02-10,758.8,758.8,692.6,715.3,712.74,2810
2020-02-11,715.0,740.0,715.0,721.6,719.02,1654
2020-02-12,739.9,739.9,715.45,726.55,723.95,1651
2020-02-13,735.9,735.9,708.0,715.65,713.09,3531
2020-02-14,730.05,730.05,709.0,710.5,707.96,4267
2020-02-17,696.1,696.6,645.0,651.1,648.77,3376
2020-02-18,678.95,678.95,635.0,646.8,644.49,2638
2020-02-19,656.0,685.0,606.4,614.9,612.7,2329
2020-02-20,639.7,639.7,615.5,626.55,624.31,271
2020-02-24,615.0,628.0,592.0,602.85,600.69,1412
2020-02-25,610.0,610.0,585.05,598.35,596.21,701
2020-02-26,600.0,610.0,563.6,577.95,575.88,1105
2020-02-27,601.95,601.95,564.0,573.1,571.05,1646
2020-02-28,566.0,570.0,520.1,525.9,524.02,5490
2020-03-02,531.0,531.0,500.2,503.55,501.75,4328
2020-03-03,530.0,530.0,505.15,509.55,507.73,1079
2020-03-04,510.0,510.0,491.0,494.25,492.48,1937
2020-03-05,484.05,517.9,480.0,490.25,488.5,2001
2020-03-06,453.8,509.95,444.25,484.95,483.22,1066
2020-03-09,471.0,505.0,461.7,503.35,501.55,846
2020-03-11,488.35,499.9,463.0,469.65,467.97,251
2020-03-12,451.8,522.6,451.0,502.85,501.05,11294
2020-03-13,402.5,563.2,402.5,445.55,443.96,2620
2020-03-16,464.0,491.95,400.05,432.35,430.8,7061
2020-03-17,432.35,444.05,396.05,402.2,400.76,2518
2020-03-18,404.0,410.0,326.0,328.8,327.62,11779
2020-03-19,299.0,325.05,295.95,323.4,322.24,2827
2020-03-20,325.0,355.7,321.4,336.05,334.85,1724
2020-03-23,310.0,335.0,302.45,302.45,301.37,534
2020-03-24,302.0,332.0,300.0,305.0,303.91,1574
2020-03-25,280.0,335.5,280.0,332.2,331.01,2573
2020-03-26,305.2,365.4,305.2,365.4,364.09,2334
2020-03-27,401.9,401.9,370.0,380.0,378.64,262
2020-03-30,385.0,385.0,346.8,357.2,355.92,719
2020-03-31,370.0,392.05,370.0,392.0,390.6,180
2020-04-01,410.0,431.2,391.25,430.35,428.81,1333
2020-04-03,431.2,435.0,415.45,418.3,416.8,463
2020-04-07,418.0,438.6,418.0,438.6,437.03,121
2020-04-08,460.35,460.4,421.1,439.8,438.23,694
2020-04-09,433.8,461.0,430.0,458.05,456.41,333
2020-04-13,458.05,458.05,438.0,446.15,444.55,167
2020-04-15,455.55,455.55,436.1,438.6,437.03,361
2020-04-16,438.6,455.0,424.1,452.0,450.38,387
2020-04-17,454.95,474.6,441.05,474.6,472.9,4240
2020-04-20,498.25,498.3,480.0,498.3,496.52,194
2020-04-21,492.5,523.0,480.0,512.55,510.72,591
2020-04-22,522.0,522.0,489.1,507.25,505.44,678
2020-04-23,492.35,532.0,492.35,508.2,506.38,420
2020-04-24,529.45,529.5,486.0,494.75,492.98,83
2020-04-27,519.45,519.45,494.75,510.35,508.52,339
2020-04-28,512.0,525.0,509.95,524.5,522.62,214
2020-04-29,506.65,536.65,498.3,502.6,500.8,830
2020-04-30,519.95,520.0,486.0,495.0,493.23,637
2020-05-04,472.0,490.85,470.25,482.15,480.43,421
2020-05-05,471.0,472.2,458.05,458.05,456.41,280
2020-05-06,469.95,480.95,435.15,435.15,433.59,1693
2020-05-07,428.0,428.0,413.4,413.65,412.17,1071
2020-05-08,397.0,428.9,393.0,417.8,416.31,402
2020-05-11,438.65,438.65,397.1,418.75,417.25,601
2020-05-12,424.0,424.0,399.0,408.05,406.59,66
2020-05-13,397.0,426.0,397.0,420.1,418.6,40
2020-05-14,425.0,425.0,410.0,419.45,417.95,53
2020-05-15,423.8,423.8,407.25,415.3,413.81,80
2020-05-18,433.5,433.5,394.55,406.25,404.8,239
2020-05-19,406.25,426.55,390.25,420.0,418.5,235
2020-05-20,408.1,435.0,408.05,423.55,422.04,653
2020-05-21,413.95,434.0,410.05,423.55,422.04,341
2020-05-22,415.65,429.0,413.05,415.45,413.96,268
2020-05-26,432.0,436.2,413.1,436.2,434.64,594
2020-05-27,418.05,438.0,415.55,428.0,426.47,699
2020-05-28,440.0,449.4,415.0,424.75,423.23,1209
2020-05-29,416.0,445.0,416.0,433.9,432.35,523
2020-06-01,443.0,455.0,443.0,449.1,447.49,1904
2020-06-02,452.0,471.55,432.05,467.45,465.78,2864
2020-06-03,461.0,470.5,447.1,456.4,454.77,1163
2020-06-04,442.0,467.95,436.0,445.55,443.96,1112
2020-06-05,434.6,462.0,430.1,458.0,456.36,1428
2020-06-08,468.0,498.0,445.0,473.75,472.06,1461
2020-06-09,462.05,521.1,458.0,508.95,507.13,3272
2020-06-10,521.0,521.0,476.15,497.8,496.02,893
2020-06-11,501.95,513.05,480.9,495.0,493.23,2247
2020-06-12,495.0,539.4,469.95,500.8,499.01,160
2020-06-15,516.95,516.95,484.95,499.35,497.56,162
2020-06-16,484.25,506.5,484.25,485.0,483.27,66
2020-06-17,485.05,512.0,485.05,497.85,496.07,365
2020-06-18,497.85,528.95,483.0,501.65,499.86,378
2020-06-19,515.75,518.0,500.0,500.0,498.21,287
2020-06-22,533.5,533.5,492.8,496.1,494.33,677
2020-06-23,496.7,520.9,496.65,517.0,515.15,510
2020-06-24,544.0,544.0,501.0,510.4,508.57,819
2020-06-25,482.0,506.95,482.0,490.35,488.6,848
2020-06-26,500.0,500.0,480.1,483.45,481.72,462
2020-06-29,481.0,484.85,456.8,466.3,464.63,629
2020-06-30,475.0,482.05,455.3,456.6,454.97,274
2020-07-01,478.95,478.95,455.0,462.0,460.35,207
2020-07-02,452.3,489.85,452.3,457.55,455.91,877
2020-07-03,453.05,495.0,447.6,460.05,458.4,778
2020-07-06,495.0,495.0,461.5,474.05,472.35,1276
2020-07-07,488.85,490.0,449.0,459.9,458.26,3864
2020-07-08,465.05,471.5,455.0,469.3,467.62,1070
2020-07-09,470.0,471.6,450.0,456.1,454.47,1068
2020-07-10,461.0,461.0,443.1,445.3,443.71,1153
2020-07-13,446.0,470.05,439.0,457.45,455.81,1618
2020-07-14,457.4,503.15,452.5,488.5,486.75,6543
2020-07-15,503.65,511.0,478.0,494.75,492.98,2153
2020-07-16,495.1,510.0,474.0,486.1,484.36,5071
2020-07-17,480.05,483.95,449.9,454.95,453.32,6192
2020-07-20,468.0,497.95,451.1,466.05,464.38,1652
2020-07-21,493.5,493.5,452.55,464.25,462.59,1795
2020-07-22,479.95,510.65,460.0,479.1,477.39,5142
2020-07-23,479.1,513.95,475.0,509.25,507.43,3090
2020-07-24,511.95,548.0,501.65,533.15,531.24,5675
2020-07-27,567.0,567.0,502.7,543.7,541.76,3954
2020-07-28,541.05,560.0,532.1,540.95,539.02,2399
2020-07-29,549.05,551.0,515.0,517.6,515.75,1297
2020-07-30,517.6,533.95,497.0,501.2,499.41,675
2020-07-31,522.0,522.0,500.0,511.2,509.37,236
2020-08-03,513.0,518.8,491.65,504.7,502.89,1685
2020-08-04,505.05,508.0,484.1,494.25,492.48,1780
2020-08-05,477.05,530.0,472.65,516.15,514.3,1377
2020-08-06,529.95,530.0,500.0,503.0,501.2,1094
2020-08-07,503.05,561.25,491.0,526.6,524.72,2789
2020-08-10,547.85,558.0,511.95,516.2,514.35,4346
2020-08-11,518.95,526.05,510.0,515.1,513.26,1774
2020-08-12,512.45,512.55,487.15,504.6,502.8,1644
2020-08-13,497.05,522.0,497.05,504.55,502.75,2089
2020-08-14,514.85,521.3,497.0,501.75,499.96,1218
2020-08-17,509.95,509.95,500.55,505.05,503.24,1330
2020-08-18,505.55,606.05,505.5,606.05,603.88,12820
2020-08-19,664.0,704.65,655.0,672.05,669.65,65942
2020-08-20,652.0,658.95,611.6,636.6,634.32,15366
2020-08-21,629.0,636.0,610.0,619.2,616.99,3708
2020-08-24,619.2,650.0,619.2,620.9,618.68,1996
2020-08-25,622.0,635.85,618.0,619.9,617.68,1094
2020-08-26,618.0,633.95,601.6,604.25,602.09,2020
2020-08-27,608.0,619.85,605.0,605.75,603.58,893
2020-08-28,607.0,620.0,599.1,602.5,600.35,1733
2020-08-31,605.0,630.0,575.1,582.4,580.32,2449
2020-09-01,597.75,598.0,575.0,578.6,576.53,596
2020-09-02,595.3,595.3,580.0,590.8,588.69,1243
2020-09-03,590.8,606.0,566.2,594.8,592.67,632
2020-09-04,573.05,588.95,573.05,577.0,574.94,747
2020-09-07,586.0,599.9,566.45,596.1,593.97,848
2020-09-08,574.05,624.5,560.0,576.45,574.39,1762
2020-09-09,563.05,583.95,544.0,559.2,557.2,558
2020-09-10,555.05,588.0,555.0,580.95,580.95,1054
2020-09-11,587.95,593.5,565.15,586.8,586.8,960
2020-09-14,586.45,586.8,562.05,564.7,564.7,1042
2020-09-15,570.15,596.0,560.0,566.15,566.15,1573
2020-09-16,567.95,585.0,556.0,559.4,559.4,746
2020-09-17,565.0,579.0,562.1,566.5,566.5,1319
2020-09-18,575.95,575.95,553.0,560.8,560.8,535
2020-09-21,557.05,557.05,531.0,536.9,536.9,857
2020-09-22,547.3,547.3,481.95,515.75,515.75,791
2020-09-23,520.95,533.5,499.0,505.05,505.05,557
2020-09-24,480.05,517.45,460.0,487.35,487.35,1581
2020-09-25,499.15,535.0,472.05,527.25,527.25,1493
2020-09-28,527.25,545.05,527.25,537.8,537.8,791
2020-09-29,545.0,548.95,520.4,526.55,526.55,618
2020-09-30,515.05,520.05,510.0,519.0,519.0,583
2020-10-01,506.05,535.0,502.65,512.2,512.2,863
2020-10-05,530.0,532.5,504.65,510.95,510.95,378
2020-10-06,511.95,530.0,507.1,512.1,512.1,1316
2020-10-07,519.95,519.95,505.7,507.95,507.95,1059
2020-10-08,521.95,522.0,500.5,506.45,506.45,401
2020-10-09,519.9,519.9,507.25,512.9,512.9,314
2020-10-12,505.05,529.0,493.0,501.1,501.1,1287
2020-10-13,505.0,601.3,490.0,601.3,601.3,14070
2020-10-14,632.0,684.0,609.9,628.15,628.15,33509
2020-10-15,629.0,629.0,556.95,576.9,576.9,7713
2020-10-16,579.1,599.85,563.2,585.05,585.05,2608
2020-10-19,585.05,600.0,566.5,576.15,576.15,1087
2020-10-20,598.0,598.0,550.0,555.85,555.85,2458
2020-10-21,576.45,576.55,541.2,547.2,547.2,1058
2020-10-22,542.75,558.45,521.75,528.8,528.8,1896
2020-10-23,539.0,634.0,536.0,605.25,605.25,9099
2020-10-26,610.0,614.8,583.25,587.1,587.1,2200
2020-10-27,597.95,602.2,574.1,578.9,578.9,727
2020-10-28,579.45,591.05,562.15,574.6,574.6,1001
2020-10-29,590.0,620.0,583.45,606.5,606.5,14942
2020-10-30,606.5,644.0,582.2,613.55,613.55,3368
2020-11-02,610.3,631.0,570.7,581.7,581.7,3351
2020-11-03,597.0,604.0,578.5,597.05,597.05,1193
2020-11-04,583.35,603.95,580.0,583.2,583.2,997
2020-11-05,580.35,596.0,580.35,585.75,585.75,1456
2020-11-06,582.5,599.85,582.5,587.0,587.0,813
2020-11-09,598.95,616.0,582.6,603.7,603.7,1723
2020-11-10,592.5,630.0,582.35,591.55,591.55,3206
2020-11-11,596.95,612.15,594.7,596.05,596.05,1352
2020-11-12,595.05,607.95,590.0,591.15,591.15,945
2020-11-13,604.95,604.95,577.15,588.15,588.15,1077
2020-11-17,598.05,625.0,585.5,612.2,612.2,7270
2020-11-18,620.0,621.45,592.1,606.2,606.2,2767
2020-11-19,609.05,619.5,598.4,604.35,604.35,1640
2020-11-20,601.95,614.8,592.55,603.7,603.7,992
2020-11-23,600.0,604.0,590.0,592.0,592.0,2152
2020-11-24,592.95,609.95,585.5,591.7,591.7,2040
2020-11-25,599.95,600.0,590.0,590.05,590.05,310
2020-11-26,597.05,610.0,590.95,603.4,603.4,1799
2020-11-27,602.05,615.0,590.0,602.6,602.6,2393
2020-12-01,600.0,614.0,590.15,604.3,604.3,2243
2020-12-02,610.05,610.05,590.6,600.5,600.5,1515
2020-12-03,608.95,619.9,599.0,610.7,610.7,2645
2020-12-04,618.95,619.0,605.3,608.65,608.65,1339
2020-12-07,612.0,634.9,605.0,618.4,618.4,1838
2020-12-08,634.8,634.8,616.45,619.35,619.35,2858
2020-12-09,635.0,635.0,585.0,590.65,590.65,3261
2020-12-10,590.65,608.9,580.0,582.95,582.95,2181
2020-12-11,593.6,599.0,557.55,575.95,575.95,3116
2020-12-14,591.0,599.6,560.0,562.6,562.6,6372
2020-12-15,580.0,583.9,565.0,579.6,579.6,1120
2020-12-16,591.9,603.0,572.7,574.75,574.75,1362
2020-12-17,574.15,580.95,570.15,575.25,575.25,1702
2020-12-18,588.15,588.15,567.15,573.65,573.65,743
2020-12-21,570.65,579.5,533.0,545.9,545.9,1994
2020-12-22,565.0,565.05,521.15,556.8,556.8,1638
2020-12-23,540.05,625.0,525.6,605.15,605.15,8068
2020-12-24,593.0,617.1,593.0,600.5,600.5,1578
2020-12-28,600.5,608.1,581.15,591.4,591.4,1734
2020-12-29,610.0,610.0,576.25,587.6,587.6,1661
2020-12-30,594.1,596.0,552.25,581.0,581.0,6779
2020-12-31,594.3,594.3,573.05,586.8,586.8,1478
2021-01-01,580.75,604.0,580.0,597.05,597.05,1468
2021-01-04,584.4,605.0,584.35,603.0,603.0,1318
2021-01-05,599.85,606.85,591.0,593.9,593.9,918
2021-01-06,600.3,600.75,585.0,587.9,587.9,916
2021-01-07,598.85,598.85,582.95,589.85,589.85,639
2021-01-08,599.95,599.95,589.2,592.55,592.55,555
2021-01-11,581.1,588.7,580.0,581.7,581.7,1050
2021-01-12,589.95,589.95,565.1,572.2,572.2,2454
2021-01-13,595.9,595.9,571.55,573.95,573.95,1645
2021-01-14,573.95,587.0,570.5,578.15,578.15,492
2021-01-15,592.9,592.9,570.0,573.55,573.55,604
2021-01-18,591.0,591.0,555.05,577.85,577.85,554
2021-01-19,582.0,582.0,556.25,569.5,569.5,2563
2021-01-20,577.2,577.25,562.3,565.85,565.85,529
2021-01-21,572.95,572.95,557.0,559.6,559.6,1394
2021-01-22,561.65,570.0,544.9,545.8,545.8,2447
2021-01-25,564.25,564.25,528.2,536.8,536.8,772
2021-01-27,528.1,560.0,507.5,547.55,547.55,1755
2021-01-28,562.0,570.0,540.15,543.6,543.6,1052
2021-01-29,551.2,551.2,545.0,545.65,545.65,337
2021-02-01,558.25,570.0,546.0,553.9,553.9,3587
2021-02-02,570.0,570.0,545.05,548.95,548.95,2392
2021-02-03,554.0,554.0,542.55,544.6,544.6,2818
2021-02-04,550.45,580.0,544.55,565.25,565.25,1843
2021-02-05,572.75,572.75,561.2,562.9,562.9,1000
2021-02-08,579.0,579.0,556.9,571.85,571.85,1674
2021-02-09,570.3,575.0,554.1,567.15,567.15,1440
2021-02-10,562.65,564.3,547.0,559.0,559.0,2368
2021-02-11,566.95,567.9,551.15,564.1,564.1,1083
2021-02-12,569.7,578.0,569.7,575.75,575.75,619
2021-02-15,580.0,580.0,555.05,563.8,563.8,1544
2021-02-16,575.25,575.85,560.05,562.45,562.45,316
2021-02-17,558.85,574.0,557.75,570.65,570.65,1299
2021-02-18,575.65,575.65,561.0,568.55,568.55,360
2021-02-19,551.75,569.65,551.75,558.5,558.5,452
2021-02-22,558.5,573.35,538.0,540.3,540.3,2335
2021-02-23,561.55,570.5,535.0,542.9,542.9,619
2021-02-24,557.1,558.55,547.0,547.75,547.75,213
2021-02-25,571.85,571.85,533.0,559.3,559.3,312
2021-02-26,559.1,559.1,534.95,538.8,538.8,1143
2021-03-01,544.95,560.0,544.95,556.45,556.45,1087
2021-03-02,543.0,556.95,542.0,553.75,553.75,1273
2021-03-03,552.15,562.45,550.0,557.25,557.25,931
2021-03-04,559.95,561.6,552.25,561.0,561.0,1201
2021-03-05,561.0,595.0,545.65,559.5,559.5,1110
2021-03-08,553.1,573.9,545.1,549.95,549.95,1920
2021-03-09,558.4,565.0,542.05,549.1,549.1,1363
2021-03-10,558.7,560.0,544.0,545.7,545.7,621
2021-03-12,552.1,587.9,552.05,571.35,571.35,4197
2021-03-15,577.1,583.05,552.0,559.2,559.2,646
2021-03-16,576.6,576.6,552.25,554.7,554.7,435
2021-03-17,554.55,558.65,550.45,550.75,550.75,217
2021-03-18,555.05,559.25,508.0,515.7,515.7,1614
2021-03-19,510.95,525.0,505.0,515.55,515.55,1687
2021-03-22,529.95,547.75,525.0,529.75,529.75,532
2021-03-23,541.1,552.2,526.75,549.3,549.3,764
2021-03-24,555.55,555.55,539.0,551.35,551.35,1469
2021-03-25,555.0,555.0,531.95,541.15,541.15,210
2021-03-26,540.75,545.0,521.0,521.55,521.55,3256
2021-03-30,524.0,575.0,524.0,559.75,559.75,8016
2021-03-31,563.0,569.0,549.0,567.5,567.5,2249
2021-04-01,562.95,568.4,551.25,566.0,566.0,1365
2021-04-05,555.05,565.15,545.0,550.4,550.4,556
2021-04-06,550.75,552.05,540.0,541.3,541.3,668
2021-04-07,530.0,550.75,530.0,537.55,537.55,552
2021-04-08,550.85,620.0,527.0,564.3,564.3,1313
2021-04-09,553.1,624.0,549.0,576.4,576.4,4914
2021-04-12,620.0,678.0,580.0,590.0,590.0,19905
2021-04-13,585.5,608.0,565.0,595.65,595.65,3977
2021-04-15,590.05,590.9,540.6,555.55,555.55,2659
2021-04-16,567.65,577.7,554.85,561.6,561.6,952
2021-04-19,550.0,561.6,535.0,544.55,544.55,1491
2021-04-20,536.0,548.0,535.0,536.75,536.75,1693
2021-04-22,535.05,555.0,525.25,543.0,543.0,1538
2021-04-23,545.35,555.0,534.05,545.15,545.15,771
2021-04-26,559.85,580.0,540.95,560.0,560.0,407
2021-04-27,562.0,581.0,553.4,573.85,573.85,777
2021-04-28,580.8,580.8,564.95,566.3,566.3,978
2021-04-29,574.15,574.2,555.0,555.65,555.65,1801
2021-04-30,570.15,570.15,550.0,562.5,562.5,616
2021-05-03,560.5,584.95,556.0,575.55,575.55,920
2021-05-04,566.7,591.55,560.0,580.2,580.2,1898
2021-05-05,595.0,616.0,571.25,599.55,599.55,6445
2021-05-06,614.95,620.0,583.75,586.25,586.25,4500
2021-05-07,590.3,600.0,589.55,594.75,594.75,1142
2021-05-10,620.0,620.0,595.0,602.35,602.35,2309
2021-05-11,584.0,612.0,583.95,602.5,602.5,1746
2021-05-12,622.0,622.0,590.95,601.9,601.9,2303
2021-05-14,597.8,610.0,586.0,598.5,598.5,1695
2021-05-17,598.15,612.0,588.8,596.9,596.9,3577
2021-05-18,610.35,672.0,603.05,639.1,639.1,4114
2021-05-19,622.35,689.9,622.35,670.7,670.7,5562
2021-05-20,697.0,800.0,665.5,732.9,732.9,62973
2021-05-21,753.9,824.9,666.65,810.8,810.8,44708
2021-05-24,885.0,972.95,840.25,972.6,972.6,60877
2021-05-25,990.0,990.0,890.0,902.3,902.3,30267
2021-05-26,922.0,944.8,904.85,915.35,915.35,8607
2021-05-27,925.0,937.0,868.0,875.95,875.95,5297
2021-05-28,875.0,920.0,875.0,899.8,899.8,5760
2021-05-31,882.0,913.85,882.0,893.35,893.35,3832
2021-06-01,884.05,899.55,864.95,869.95,869.95,2984
2021-06-02,900.0,905.2,870.0,883.75,883.75,1729
2021-06-03,900.0,900.0,870.0,873.7,873.7,2720
2021-06-04,872.5,889.95,860.0,864.25,864.25,2444
2021-06-07,887.95,888.0,855.0,857.05,857.05,2410
2021-06-08,870.55,871.95,845.0,845.95,845.95,1521
2021-06-09,850.0,910.0,850.0,869.8,869.8,4429
2021-06-10,870.0,890.0,863.0,878.05,878.05,1269
2021-06-11,878.05,897.0,870.0,880.15,880.15,1542
2021-06-14,853.75,858.9,815.0,828.9,828.9,5605
2021-06-15,857.95,857.95,823.75,826.4,826.4,1241
2021-06-16,840.0,844.0,805.0,816.5,816.5,1574
2021-06-17,810.65,815.0,786.0,793.0,793.0,1863
2021-06-18,796.0,825.0,790.0,813.75,813.75,3815
2021-06-21,810.8,829.0,799.15,805.7,805.7,1867
2021-06-22,819.95,829.0,805.0,806.4,806.4,1448
2021-06-23,822.65,822.65,792.0,798.35,798.35,675
2021-06-24,814.95,814.95,775.5,785.5,785.5,2415
2021-06-25,790.6,799.95,782.0,789.25,789.25,1748
2021-06-28,808.0,808.0,783.75,793.4,793.4,1216
2021-06-29,782.0,872.7,782.0,872.7,872.7,5741
2021-06-30,948.0,948.0,826.1,834.9,834.9,11062
2021-07-01,836.0,865.0,813.8,829.95,829.95,2141
2021-07-02,832.0,845.25,803.75,831.9,831.9,3079
2021-07-05,843.95,867.0,821.1,830.55,830.55,3492
2021-07-06,846.95,846.95,790.9,813.5,813.5,1185
2021-07-07,850.0,850.0,814.0,832.3,832.3,2572
2021-07-08,833.6,833.6,785.15,797.9,797.9,4178
2021-07-09,812.0,820.0,802.35,814.75,814.75,1144
