Date,Open,High,Low,Close,Adj Close,Volume
2015-02-12,1614.9,1649.95,1570.0,1610.6,1542.37,64
2015-02-13,1619.95,1790.0,1619.95,1662.1,1591.69,603
2015-02-16,1625.0,1625.0,1431.05,1452.05,1390.54,860
2015-02-18,1499.0,1519.0,1429.95,1456.05,1394.37,123
2015-02-19,1305.0,1430.0,1225.0,1397.15,1337.96,332
2015-02-20,1372.0,1440.0,1311.0,1400.0,1340.69,35
2015-02-23,1238.0,1375.0,1238.0,1332.2,1275.77,75
2015-02-24,1345.0,1345.0,1300.0,1300.75,1245.65,7
2015-02-25,1242.0,1331.0,1242.0,1266.0,1212.37,47
2015-02-26,1209.0,1251.2,1209.0,1230.9,1178.76,51
2015-02-27,1230.9,1230.9,1230.9,1230.9,1178.76,0
2015-03-02,1191.0,1249.0,1185.1,1203.4,1152.42,26
2015-03-03,1210.0,1220.0,1210.0,1220.0,1168.32,13
2015-03-04,1215.0,1235.0,1135.0,1192.5,1141.98,355
2015-03-05,1200.0,1200.0,1200.0,1200.0,1149.17,1
2015-03-09,1126.0,1199.0,1125.0,1175.05,1125.27,28
2015-03-10,1199.0,1199.0,1140.0,1150.0,1101.28,45
2015-03-11,1150.0,1194.0,1135.0,1194.0,1143.42,26
2015-03-12,1248.0,1248.0,1125.0,1142.75,1094.34,320
2015-03-13,1148.0,1185.0,1040.0,1066.8,1021.61,847
2015-03-16,1074.0,1098.0,1050.0,1062.15,1017.16,236
2015-03-17,1062.0,1080.05,1062.0,1071.0,1025.63,87
2015-03-18,1089.0,1089.0,1070.0,1080.0,1034.25,89
2015-03-19,1025.0,1124.0,1022.0,1044.7,1000.44,78
2015-03-20,1050.0,1075.0,1035.0,1070.0,1024.67,367
2015-03-23,1020.0,1060.0,1020.0,1060.0,1015.1,407
2015-03-24,1080.0,1080.0,1080.0,1080.0,1034.25,5
2015-03-25,1121.75,1121.75,1080.0,1085.0,1039.04,33
2015-03-26,1068.0,1068.0,1068.0,1068.0,1022.76,2
2015-03-27,1060.0,1060.0,1025.0,1025.0,981.58,69
2015-03-30,1031.0,1031.0,1031.0,1031.0,987.33,1
2015-03-31,1020.0,1021.0,1020.0,1021.0,977.75,4
2015-04-01,1038.0,1090.0,1038.0,1089.15,1043.01,43
2015-04-06,1200.0,1200.0,1039.0,1056.85,1012.08,63
2015-04-07,1055.0,1071.0,1050.0,1064.45,1019.36,178
2015-04-08,1062.0,1090.0,1048.0,1048.0,1003.6,127
2015-04-09,1157.5,1157.5,1062.0,1108.9,1061.93,74
2015-04-10,1098.0,1126.8,1091.0,1124.5,1076.86,41
2015-04-13,1138.0,1138.9,1070.0,1101.55,1054.89,859
2015-04-15,1061.0,1319.95,1015.0,1216.15,1164.63,997
2015-04-16,1297.5,1340.0,1200.0,1281.7,1227.4,1182
2015-04-17,1225.25,1270.0,1190.0,1235.05,1182.73,172
2015-04-20,1160.0,1204.0,1160.0,1165.0,1115.65,20
2015-04-21,1156.0,1198.0,1105.0,1174.0,1124.27,120
2015-04-22,1101.0,1189.0,1101.0,1131.65,1083.71,126
2015-04-23,1138.0,1159.0,1058.0,1115.45,1068.2,111
2015-04-24,1061.5,1064.25,1061.5,1063.35,1018.3,20
2015-04-27,1026.0,1085.0,1026.0,1040.0,995.94,46
2015-04-28,1039.9,1074.0,1039.9,1074.0,1028.5,38
2015-04-29,1089.0,1090.1,1089.0,1090.1,1043.92,14
2015-04-30,1041.0,1100.0,1041.0,1100.0,1053.4,16
2015-05-04,1056.0,1100.0,1050.0,1060.25,1015.34,265
2015-05-05,1051.0,1070.0,1050.1,1070.0,1024.67,25
2015-05-06,1050.1,1065.0,1049.9,1050.0,1005.52,183
2015-05-07,1075.0,1075.0,1020.0,1021.0,977.75,36
2015-05-08,1090.0,1090.0,1042.5,1048.75,1004.32,36
2015-05-11,1117.0,1117.0,1044.95,1050.5,1006.0,95
2015-05-12,1032.0,1078.95,1032.0,1040.0,995.94,50
2015-05-13,1060.0,1060.0,1030.0,1030.65,986.99,91
2015-05-14,1045.1,1045.1,1045.1,1045.1,1000.83,44
2015-05-15,1045.1,1045.1,1045.1,1045.1,1000.83,4
2015-05-18,1050.0,1143.0,1022.0,1068.25,1023.0,157
2015-05-19,1050.0,1050.0,1050.0,1050.0,1005.52,9
2015-05-20,1051.0,1051.0,1050.0,1050.0,1005.52,4
2015-05-21,1050.0,1050.0,1040.0,1040.0,995.94,22
2015-05-22,1050.0,1050.0,1050.0,1050.0,1005.52,5
2015-05-25,1085.0,1085.0,1022.0,1022.0,978.71,4
2015-05-26,1075.0,1075.0,1075.0,1075.0,1029.46,2
2015-05-27,1011.0,1070.0,951.0,1018.75,975.59,60
2015-05-28,1059.0,1059.0,1012.0,1012.0,969.13,25
2015-05-29,1000.0,1100.0,1000.0,1094.75,1048.37,528
2015-06-01,1096.9,1119.9,1015.5,1063.3,1018.26,113
2015-06-02,1017.55,1100.0,1007.0,1088.25,1042.15,77
2015-06-03,1005.0,1049.0,1005.0,1040.0,995.94,27
2015-06-04,1040.0,1040.2,1025.0,1025.0,981.58,124
2015-06-05,1025.0,1025.0,1025.0,1025.0,981.58,0
2015-06-08,1020.0,1024.95,1005.0,1009.45,966.69,24
2015-06-09,1001.0,1001.0,990.0,991.8,949.79,35
2015-06-10,991.8,1026.0,990.1,1026.0,982.54,17
2015-06-11,1000.0,1000.0,1000.0,1000.0,957.64,10
2015-06-12,1000.0,1000.0,1000.0,1000.0,957.64,0
2015-06-15,975.0,1019.8,970.25,1011.2,968.36,36
2015-06-16,980.0,1000.0,975.2,995.85,953.66,250
2015-06-17,1019.0,1019.0,1019.0,1019.0,975.83,1
2015-06-18,980.0,1020.0,976.0,1020.0,976.79,165
2015-06-19,1039.0,1039.0,1039.0,1039.0,994.99,42
2015-06-22,1019.0,1035.0,1019.0,1035.0,991.16,34
2015-06-23,1035.0,1035.0,1035.0,1035.0,991.16,0
2015-06-24,1029.9,1069.0,1029.9,1069.0,1023.72,22
2015-06-25,1005.1,1055.0,1005.1,1054.0,1009.35,1614
2015-06-26,1042.0,1042.0,1000.0,1029.65,986.03,149
2015-06-29,1031.0,1040.0,1029.8,1035.25,991.4,62
2015-06-30,1034.0,1034.0,1034.0,1034.0,990.2,42
2015-07-01,1044.9,1050.0,1020.0,1026.65,983.16,174
2015-07-02,1035.0,1040.0,1006.0,1013.05,970.14,87
2015-07-03,1020.0,1049.9,1008.0,1012.55,969.66,116
2015-07-06,965.0,1015.1,965.0,1015.0,972.0,33
2015-07-07,1042.0,1218.0,1015.0,1094.3,1047.94,264
2015-07-08,1050.0,1060.05,1039.8,1060.05,1015.14,6
2015-07-09,1050.0,1050.0,1050.0,1050.0,1005.52,5
2015-07-10,1030.0,1030.0,1030.0,1030.0,986.37,1
2015-07-13,1060.0,1090.0,1035.0,1035.1,991.25,26
2015-07-14,1068.0,1070.0,1050.0,1050.0,1005.52,35
2015-07-15,1068.9,1068.9,1064.8,1064.9,1019.79,9
2015-07-16,1025.0,1058.0,1017.45,1036.0,992.11,146
2015-07-17,1036.0,1036.0,1020.0,1020.0,987.51,28
2015-07-20,1039.75,1060.0,1020.0,1027.75,995.02,242
2015-07-21,1022.0,1035.0,1021.0,1035.0,1002.04,61
2015-07-22,1020.0,1036.0,1020.0,1036.0,1003.01,50
2015-07-23,1047.95,1059.0,1035.0,1053.15,1019.61,241
2015-07-24,987.2,1059.0,987.2,1025.1,992.45,165
2015-07-27,1035.0,1035.05,1030.0,1034.4,1001.46,369
2015-07-28,1059.0,1059.0,1034.5,1034.5,1001.55,320
2015-07-29,1036.0,1036.0,1010.0,1010.1,977.93,963
2015-07-30,1010.0,1040.0,1000.0,1015.0,982.67,46
2015-07-31,1058.0,1058.0,1010.0,1032.0,999.13,343
2015-08-03,1058.0,1099.0,1032.0,1093.65,1058.82,411
2015-08-04,1031.0,1083.95,1015.0,1052.0,1018.5,397
2015-08-05,1089.9,1262.4,1070.0,1139.75,1103.45,981
2015-08-06,1139.0,1349.0,1070.0,1327.95,1285.66,12447
2015-08-07,1328.0,1328.0,1071.0,1211.7,1173.11,21990
2015-08-10,1175.0,1200.0,1100.05,1116.95,1081.38,1946
2015-08-11,1105.0,1130.0,1030.0,1057.0,1023.34,1394
2015-08-12,1041.6,1070.0,1005.0,1013.6,981.32,1275
2015-08-13,1015.05,1040.0,1005.0,1010.3,978.12,756
2015-08-14,1015.7,1025.0,991.0,1011.55,979.33,1127
2015-08-17,1040.0,1069.0,1010.0,1046.55,1013.22,204
2015-08-18,1050.0,1068.0,1030.0,1030.9,998.07,245
2015-08-19,1021.0,1050.0,1010.0,1036.25,1003.25,512
2015-08-20,1026.0,1039.0,1002.0,1005.5,973.48,258
2015-08-21,1010.0,1050.0,1000.0,1021.75,989.21,193
2015-08-24,981.1,1010.0,975.0,975.0,943.95,1387
2015-08-25,965.0,983.0,950.0,967.5,936.69,824
2015-08-26,958.0,1019.9,950.0,1016.7,984.32,542
2015-08-27,960.1,1025.0,951.0,1024.8,992.16,578
2015-08-28,981.0,1015.0,975.0,1003.55,971.59,63
2015-08-31,983.9,999.9,980.0,989.95,958.42,84
2015-09-01,960.3,1024.0,960.3,986.5,955.08,133
2015-09-02,977.0,1022.0,977.0,991.95,960.36,85
2015-09-03,982.0,1035.0,982.0,989.45,957.94,192
2015-09-04,985.0,999.0,980.0,993.45,961.81,366
2015-09-07,969.0,996.0,966.0,969.45,938.57,865
2015-09-08,952.6,985.0,952.6,974.9,943.85,387
2015-09-09,1005.0,1014.0,975.0,975.1,944.04,75
2015-09-10,951.05,976.95,951.0,969.9,939.01,136
2015-09-11,981.75,984.9,970.0,970.0,939.11,61
2015-09-14,982.95,982.95,982.95,982.95,951.64,1
2015-09-15,980.0,980.0,935.0,945.0,914.9,241
2015-09-16,955.0,980.0,955.0,979.25,948.06,242
2015-09-18,1014.0,1014.0,930.3,942.45,912.43,498
2015-09-21,935.75,980.0,935.75,971.0,940.08,217
2015-09-22,980.0,980.0,971.0,972.0,941.04,53
2015-09-23,980.0,980.0,921.05,954.4,924.0,854
2015-09-24,970.0,970.0,955.0,955.85,925.41,105
2015-09-28,955.0,955.0,920.7,925.95,896.46,134
2015-09-29,917.0,925.0,917.0,917.0,887.79,432
2015-09-30,923.0,946.0,920.0,941.0,911.03,28
2015-10-01,922.0,923.0,881.0,912.1,883.05,23
2015-10-05,916.0,936.9,915.0,930.95,901.3,27
2015-10-06,932.0,968.0,928.0,949.15,918.92,169
2015-10-07,950.0,979.7,931.05,937.0,907.16,79
2015-10-08,950.0,950.0,920.0,945.95,915.82,327
2015-10-09,920.0,944.0,920.0,944.0,913.94,152
2015-10-12,928.0,939.5,921.2,932.1,902.41,132
2015-10-13,923.0,950.0,923.0,923.0,893.6,702
2015-10-14,928.0,939.0,916.0,921.25,891.91,75
2015-10-15,920.0,950.05,920.0,948.0,917.81,229
2015-10-16,946.0,949.0,928.0,944.15,914.08,2187
2015-10-19,944.15,944.15,930.0,935.0,905.22,81
2015-10-20,934.0,940.0,918.0,924.25,894.81,245
2015-10-21,928.0,944.9,918.0,941.95,911.95,229
2015-10-23,949.0,1060.0,930.0,972.65,941.67,1964
2015-10-26,955.0,1020.0,955.0,985.35,953.97,3386
2015-10-27,965.05,978.95,965.05,967.5,936.69,557
2015-10-28,951.0,963.0,946.0,951.0,920.71,320
2015-10-29,911.1,980.0,911.1,960.0,929.43,243
2015-10-30,975.0,1084.0,975.0,1014.15,981.85,4354
2015-11-02,963.0,1000.0,950.0,954.15,923.76,677
2015-11-03,960.0,965.5,916.9,925.5,896.02,700
2015-11-04,948.9,949.0,931.0,932.2,902.51,102
2015-11-05,911.0,938.0,855.0,922.5,893.12,265
2015-11-06,900.0,947.9,900.0,936.0,906.19,262
2015-11-09,908.0,940.0,891.0,927.0,897.48,34
2015-11-10,918.0,930.0,909.0,921.0,891.67,202
2015-11-13,932.9,933.0,911.1,912.05,883.0,54
2015-11-16,925.0,989.95,902.1,924.75,895.3,68
2015-11-17,924.75,924.75,924.75,924.75,895.3,0
2015-11-18,930.0,970.0,930.0,956.55,926.09,321
2015-11-19,925.0,981.0,925.0,966.25,935.48,135
2015-11-20,986.0,998.5,951.5,984.05,952.71,221
2015-11-23,968.0,1049.0,968.0,1022.0,989.45,997
2015-11-24,960.0,1074.95,960.0,1054.4,1020.82,2505
2015-11-26,1079.8,1079.8,1021.05,1050.9,1017.43,871
2015-11-27,1059.0,1059.0,1015.0,1036.0,1003.01,122
2015-11-30,1018.0,1018.0,960.0,972.0,941.04,378
2015-12-01,977.0,1075.0,976.0,1059.75,1026.0,1908
2015-12-02,1070.0,1080.0,1017.0,1050.85,1017.38,2508
2015-12-03,1020.0,1065.9,1020.0,1034.35,1001.41,489
2015-12-04,1049.0,1060.0,1025.25,1037.65,1004.6,1437
2015-12-07,1025.0,1049.8,1006.0,1012.6,980.35,305
2015-12-08,1008.0,1016.9,985.05,991.4,959.83,329
2015-12-09,1008.0,1008.0,975.0,975.9,944.82,163
2015-12-10,977.0,994.0,967.0,984.3,952.95,234
2015-12-11,984.0,984.0,950.0,972.6,941.62,357
2015-12-14,958.0,982.0,952.0,977.0,945.88,34
2015-12-15,977.0,977.0,977.0,977.0,945.88,1
2015-12-16,960.0,969.0,959.0,962.9,932.23,285
2015-12-17,967.0,1037.0,951.05,1002.0,970.09,261
2015-12-18,972.5,993.5,971.0,981.0,949.76,147
2015-12-21,981.0,1004.0,966.3,983.3,951.98,1014
2015-12-22,977.0,984.0,957.0,965.7,934.94,1457
2015-12-23,966.05,1033.3,966.05,968.65,937.8,722
2015-12-24,990.0,990.0,967.5,979.9,948.69,51
2015-12-28,967.0,1000.0,960.0,965.2,934.46,1148
2015-12-29,970.0,970.0,950.0,958.65,928.12,362
2015-12-30,970.0,970.0,951.0,954.1,923.71,62
2015-12-31,954.2,954.2,950.05,950.1,919.84,41
2016-01-01,945.0,985.0,945.0,976.1,945.01,207
2016-01-04,970.5,970.5,954.0,957.4,926.91,463
2016-01-05,978.5,978.5,978.45,978.5,947.34,153
2016-01-06,973.5,1047.95,973.0,984.55,953.19,742
2016-01-07,971.0,1007.0,962.0,983.3,951.98,82
2016-01-08,961.1,986.0,948.5,957.3,926.81,529
2016-01-11,960.0,981.0,960.0,978.85,947.68,131
2016-01-12,970.0,970.0,960.0,960.0,929.43,74
2016-01-13,960.0,969.9,931.0,964.85,934.12,350
2016-01-14,950.1,985.0,920.0,981.75,950.48,1269
2016-01-15,955.0,955.0,916.6,926.9,897.38,464
2016-01-18,900.0,925.0,898.0,925.0,895.54,176
2016-01-19,902.0,930.0,883.0,916.2,887.02,215
2016-01-20,880.0,890.0,868.0,875.3,847.42,304
2016-01-21,875.0,915.0,870.0,907.5,878.6,60
2016-01-22,890.0,898.8,875.0,891.7,863.3,54
2016-01-25,897.9,920.0,891.15,891.15,862.77,9
2016-01-27,886.3,996.0,885.1,913.9,884.79,6674
2016-01-28,901.0,901.0,892.0,900.0,871.34,363
2016-01-29,888.0,888.0,883.0,884.55,856.38,142
2016-02-01,870.0,899.95,861.5,875.65,847.76,379
2016-02-02,895.0,1045.0,895.0,984.65,953.29,987
2016-02-03,997.7,1040.0,971.0,980.45,949.22,2209
2016-02-04,998.0,1044.8,975.0,993.35,961.71,2431
2016-02-05,985.1,999.75,985.1,995.55,963.84,104
2016-02-08,995.55,995.55,995.55,995.55,963.84,0
2016-02-09,950.0,961.0,930.0,945.0,914.9,17
2016-02-10,950.0,950.0,915.0,933.5,903.77,18
2016-02-11,949.0,949.0,863.0,892.4,863.98,187
2016-02-12,949.85,950.0,871.05,920.3,890.99,43
2016-02-15,901.1,910.0,901.1,905.0,876.18,201
2016-02-16,890.0,930.0,889.95,915.35,886.2,32
2016-02-17,870.2,900.0,870.2,900.0,871.34,65
2016-02-18,900.0,905.0,893.0,893.0,864.56,13
2016-02-19,893.0,893.0,893.0,893.0,864.56,0
2016-02-22,907.0,907.0,900.0,900.0,871.34,3
2016-02-23,900.0,925.0,900.0,925.0,895.54,42
2016-02-24,881.0,900.0,880.0,890.0,861.65,104
2016-02-25,899.0,946.0,899.0,920.15,890.84,77
2016-02-26,920.15,920.15,920.15,920.15,890.84,0
2016-02-29,920.15,920.15,920.15,920.15,890.84,0
2016-03-01,928.0,929.05,928.0,929.05,899.46,121
2016-03-02,956.0,956.0,956.0,956.0,925.55,2
2016-03-03,940.0,940.0,931.0,931.0,901.35,25
2016-03-04,908.05,950.0,908.05,950.0,919.74,225
2016-03-08,926.0,971.0,925.05,970.0,939.11,1200
2016-03-09,970.0,988.0,960.25,970.0,939.11,534
2016-03-10,970.0,970.0,970.0,970.0,939.11,8
2016-03-11,970.0,970.0,970.0,970.0,939.11,115
2016-03-14,971.0,971.0,971.0,971.0,940.08,751
2016-03-15,970.25,970.25,970.0,970.0,939.11,53
2016-03-16,965.0,970.0,965.0,970.0,939.11,314
2016-03-17,970.0,970.0,970.0,970.0,939.11,50
2016-03-18,988.0,1010.0,988.0,1010.0,977.83,296
2016-03-21,1025.0,1060.0,1000.0,1055.0,1021.4,666
2016-03-22,1015.0,1089.0,1015.0,1063.35,1029.48,40
2016-03-23,1085.0,1085.0,1040.0,1040.0,1006.88,10
2016-03-28,1040.0,1049.0,1000.0,1047.15,1013.8,78
2016-03-29,1025.0,1025.0,1010.0,1018.3,985.87,75
2016-03-30,1025.0,1025.0,1025.0,1025.0,992.36,205
2016-03-31,1045.0,1045.0,1000.0,1000.0,968.15,253
2016-04-01,1000.0,1000.0,1000.0,1000.0,968.15,0
2016-04-04,1046.0,1047.0,1046.0,1047.0,1013.65,52
2016-04-05,1033.0,1033.0,1025.05,1025.1,992.45,24
2016-04-06,1025.1,1049.0,1000.0,1012.35,980.11,258
2016-04-07,1020.0,1054.0,1020.0,1054.0,1020.43,145
2016-04-08,1058.9,1060.0,1058.9,1060.0,1026.24,105
2016-04-11,1027.1,1028.1,1027.0,1027.5,994.78,72
2016-04-12,1026.0,1026.0,1026.0,1026.0,993.32,5
2016-04-13,1049.0,1050.0,1049.0,1050.0,1016.56,5
2016-04-18,1015.0,1040.0,1015.0,1040.0,1006.88,22
2016-04-20,1040.0,1065.0,1040.0,1050.4,1016.95,387
2016-04-21,1040.1,1074.0,1040.1,1073.95,1039.75,141
2016-04-22,1075.0,1125.0,1040.1,1091.6,1056.83,925
2016-04-25,1070.1,1070.1,1060.0,1061.35,1027.55,287
2016-04-26,1079.95,1079.95,1039.5,1047.75,1014.38,563
2016-04-27,1021.0,1077.95,1016.0,1076.9,1042.6,139
2016-04-28,1088.5,1100.0,1050.0,1070.4,1036.31,832
2016-04-29,1088.0,1120.0,1082.05,1094.45,1059.59,2274
2016-05-02,1129.0,1143.8,1107.0,1137.75,1101.51,1250
2016-05-03,1105.0,1145.45,1105.0,1125.0,1089.17,39
2016-05-04,1110.0,1145.0,1080.0,1082.85,1048.36,1392
2016-05-05,1076.0,1090.0,1076.0,1084.3,1049.77,88
2016-05-06,1090.0,1135.0,1050.0,1061.75,1027.93,1139
2016-05-09,1100.0,1100.0,1075.0,1085.15,1050.59,240
2016-05-10,1093.5,1140.0,1091.0,1120.25,1084.57,1124
2016-05-11,1139.9,1154.0,1120.25,1142.15,1105.77,537
2016-05-12,1140.0,1160.0,1120.0,1160.0,1123.06,327
2016-05-13,1158.0,1158.0,1155.0,1156.0,1119.18,108
2016-05-16,1150.0,1168.0,1120.0,1131.2,1095.17,147
2016-05-17,1125.0,1175.0,1125.0,1133.05,1096.96,596
2016-05-18,1160.0,1165.0,1125.0,1130.0,1094.01,49
2016-05-19,1130.0,1150.0,1115.0,1116.4,1080.84,90
2016-05-20,1096.0,1148.0,1095.0,1148.0,1111.44,19
2016-05-23,1149.0,1149.0,1091.0,1101.5,1066.42,292
2016-05-24,1091.0,1100.0,1076.0,1100.0,1064.97,12
2016-05-25,1080.0,1100.0,1080.0,1100.0,1064.97,287
2016-05-26,1110.0,1110.0,1065.55,1082.0,1047.54,43
2016-05-27,1070.0,1088.0,1025.0,1034.2,1001.26,333
2016-05-30,1037.0,1070.0,1020.0,1050.0,1016.56,72
2016-05-31,1075.7,1085.9,1051.0,1051.0,1017.53,16
2016-06-01,1025.5,1050.0,1025.5,1050.0,1016.56,27
2016-06-02,1030.0,1030.0,1027.0,1027.0,994.29,2
2016-06-03,1027.0,1054.9,1022.0,1040.35,1007.22,88
2016-06-06,1080.0,1080.0,1070.0,1073.55,1039.36,19
2016-06-07,1030.25,1095.0,1030.25,1069.0,1034.95,202
2016-06-08,1080.9,1080.9,940.7,1074.0,1039.79,394
2016-06-09,1089.0,1095.0,1050.0,1064.8,1030.89,146
2016-06-10,1109.0,1115.0,1035.1,1040.05,1006.93,28
2016-06-13,1097.9,1124.0,1040.0,1075.0,1040.76,91
2016-06-14,1060.0,1115.0,1055.2,1065.5,1031.57,134
2016-06-15,1075.0,1075.0,1052.0,1074.0,1039.79,26
2016-06-16,1074.0,1083.5,1034.0,1068.5,1034.47,150
2016-06-17,1098.0,1098.0,1050.0,1051.05,1017.58,46
2016-06-20,1051.05,1166.7,1051.05,1087.0,1052.38,734
2016-06-21,1119.85,1140.0,1081.0,1106.05,1070.82,388
2016-06-22,1106.0,1106.0,1082.0,1088.95,1054.27,39
2016-06-23,1081.0,1081.0,1081.0,1081.0,1046.57,10
2016-06-24,1198.0,1199.9,1026.0,1107.0,1071.74,80
2016-06-27,1058.0,1058.0,1057.0,1057.0,1023.34,9
2016-06-28,1112.0,1112.0,1074.0,1101.0,1065.93,6
2016-06-29,1090.0,1110.0,1076.0,1109.9,1074.55,269
2016-06-30,1090.0,1133.95,1090.0,1117.45,1081.86,357
2016-07-01,1111.0,1150.0,1107.05,1144.7,1108.24,672
2016-07-04,1139.95,1160.0,1095.0,1096.25,1061.34,4270
2016-07-05,1146.0,1159.0,1095.0,1111.0,1075.62,6825
2016-07-07,1149.9,1150.0,1106.0,1147.3,1110.76,190
2016-07-08,1135.0,1164.9,1095.0,1136.0,1099.82,2805
2016-07-11,1136.0,1175.0,1136.0,1174.95,1137.53,683
2016-07-12,1170.0,1175.0,1150.0,1150.0,1113.37,55
2016-07-13,1150.0,1150.0,1150.0,1150.0,1113.37,0
2016-07-14,1249.0,1249.0,1116.0,1147.5,1110.95,958
2016-07-15,1147.0,1179.0,1112.15,1126.2,1090.33,149
2016-07-18,1126.0,1148.0,1126.0,1126.0,1090.14,41
2016-07-19,1126.0,1126.0,1088.0,1120.0,1084.33,67
2016-07-20,1120.05,1130.0,1120.05,1130.0,1094.01,29
2016-07-21,1130.0,1132.0,1105.0,1105.55,1070.34,242
2016-07-22,1110.0,1131.0,1110.0,1131.0,1094.98,96
2016-07-25,1152.0,1160.0,1132.0,1133.0,1096.92,713
2016-07-26,1133.0,1170.0,1126.0,1140.05,1103.74,225
2016-07-27,1173.0,1200.0,1165.0,1194.85,1156.8,565
2016-07-28,1191.0,1275.0,1191.0,1253.65,1213.72,1491
2016-07-29,1266.0,1318.0,1251.0,1306.95,1265.33,1100
2016-08-01,1300.0,1309.5,1299.0,1300.9,1259.47,230
2016-08-02,1301.25,1301.25,1218.0,1275.6,1234.97,131
2016-08-03,1275.0,1285.0,1250.0,1277.85,1237.15,36
2016-08-04,1299.0,1310.0,1276.95,1280.0,1239.23,47
2016-08-05,1280.0,1300.0,1221.0,1256.0,1216.0,85
2016-08-08,1262.0,1456.0,1255.0,1323.6,1281.45,638
2016-08-09,1400.0,1440.0,1360.05,1396.2,1351.73,2959
2016-08-10,1396.0,1430.0,1390.0,1400.05,1355.46,1826
2016-08-11,1400.0,1420.0,1373.0,1395.65,1351.2,297
2016-08-12,1400.0,1410.0,1400.0,1400.0,1355.41,611
2016-08-16,1400.1,1400.1,1400.0,1400.0,1355.41,482
2016-08-17,1401.0,1411.0,1400.0,1400.0,1355.41,253
2016-08-18,1400.0,1420.0,1374.3,1400.0,1355.41,61
2016-08-19,1400.1,1400.1,1400.1,1400.1,1355.51,30
2016-08-22,1402.0,1430.0,1355.0,1399.8,1355.22,515
2016-08-23,1399.0,1405.0,1378.0,1397.95,1353.43,290
2016-08-24,1400.0,1411.0,1384.0,1408.25,1363.4,534
2016-08-25,1378.1,1420.0,1378.1,1396.8,1352.31,215
2016-08-26,1381.0,1410.0,1375.1,1397.1,1352.6,347
2016-08-29,1397.0,1409.9,1366.0,1382.0,1337.99,324
2016-08-30,1395.0,1400.0,1385.1,1400.0,1355.41,342
2016-08-31,1419.0,1438.0,1397.0,1400.05,1355.46,1051
2016-09-01,1400.0,1417.0,1372.6,1408.0,1363.16,600
2016-09-02,1410.0,1425.0,1408.0,1408.0,1363.16,28
2016-09-06,1408.0,1427.0,1390.0,1420.0,1374.78,281
2016-09-07,1420.0,1428.0,1391.0,1419.9,1374.68,1263
2016-09-08,1420.0,1420.0,1395.0,1405.75,1360.98,269
2016-09-09,1406.0,1422.95,1400.0,1422.95,1377.63,117
2016-09-12,1390.0,1407.9,1377.0,1402.0,1366.95,97
2016-09-14,1402.0,1427.45,1383.0,1383.35,1348.77,65
2016-09-15,1390.0,1516.0,1380.0,1420.45,1384.94,700
2016-09-16,1420.0,1425.0,1403.0,1424.1,1388.5,134
2016-09-19,1420.0,1420.0,1400.0,1420.0,1384.51,74
2016-09-20,1420.0,1445.8,1386.05,1410.0,1374.75,41
2016-09-21,1425.0,1430.8,1395.0,1417.4,1381.97,70
2016-09-22,1417.0,1447.9,1400.0,1400.0,1365.0,205
2016-09-23,1429.85,1429.85,1415.0,1424.9,1389.28,162
2016-09-26,1420.0,1424.0,1401.0,1403.1,1368.03,80
2016-09-27,1405.0,1405.0,1400.0,1400.0,1365.0,181
2016-09-28,1400.0,1402.15,1400.0,1400.0,1365.0,299
2016-09-29,1442.0,1450.0,1268.0,1375.0,1340.63,1269
2016-09-30,1375.0,1447.0,1374.0,1425.85,1390.21,108
2016-10-03,1425.0,1680.0,1425.0,1602.6,1562.54,2008
2016-10-04,1612.0,1612.0,1520.0,1546.55,1507.89,387
2016-10-05,1560.0,1600.0,1560.0,1579.2,1539.73,353
2016-10-06,1562.0,1610.0,1550.0,1602.15,1562.1,1353
2016-10-07,1620.0,1620.0,1540.0,1543.1,1504.53,342
2016-10-10,1544.0,1567.9,1522.0,1534.6,1496.24,149
2016-10-13,1534.0,1557.0,1522.0,1557.0,1518.08,32
2016-10-14,1557.0,1570.0,1512.0,1570.0,1530.76,139
2016-10-17,1550.0,1550.0,1507.0,1507.0,1469.33,146
2016-10-18,1510.0,1511.0,1507.0,1510.0,1472.26,46
2016-10-19,1545.0,1545.0,1510.05,1535.0,1496.63,64
2016-10-20,1535.0,1549.0,1490.1,1502.65,1465.09,317
2016-10-21,1529.0,1534.7,1502.5,1512.05,1474.25,95
2016-10-24,1512.05,1550.0,1512.0,1548.0,1509.31,125
2016-10-25,1517.05,1521.0,1517.05,1518.0,1480.06,73
2016-10-26,1518.05,1518.05,1475.0,1493.3,1455.97,154
2016-10-27,1493.0,1493.0,1490.0,1490.0,1452.76,30
2016-10-28,1475.15,1524.95,1475.15,1524.95,1486.83,14
2016-11-01,1534.95,1535.0,1529.9,1529.95,1491.71,86
2016-11-02,1528.95,1528.95,1528.95,1528.95,1490.73,5
2016-11-03,1528.0,1567.0,1528.0,1550.0,1511.26,303
2016-11-04,1510.0,1549.95,1458.0,1503.9,1466.31,341
2016-11-07,1539.9,1539.9,1492.0,1495.8,1458.41,30
2016-11-08,1476.65,1510.0,1450.0,1482.5,1445.44,1147
2016-11-09,1350.05,1499.0,1350.05,1499.0,1461.53,59
2016-11-10,1485.05,1650.0,1485.05,1606.15,1566.0,467
2016-11-11,1606.0,1649.0,1510.0,1539.5,1501.02,420
2016-11-15,1469.05,1475.05,1460.0,1460.0,1423.51,509
2016-11-16,1525.0,1525.0,1450.0,1452.4,1416.1,479
2016-11-17,1479.95,1480.0,1479.8,1479.8,1442.81,11
2016-11-18,1479.8,1479.8,1479.8,1479.8,1442.81,0
2016-11-21,1450.0,1490.0,1450.0,1471.3,1434.52,64
2016-11-22,1400.0,1465.0,1400.0,1445.4,1409.27,113
2016-11-23,1425.55,1450.0,1416.5,1450.0,1413.75,56
2016-11-24,1400.0,1475.0,1400.0,1450.0,1413.75,3
2016-11-25,1450.05,1450.05,1449.95,1450.0,1413.75,16
2016-11-28,1425.0,1479.0,1421.1,1425.0,1389.38,61
2016-11-29,1425.0,1425.0,1425.0,1425.0,1389.38,0
2016-11-30,1425.05,1490.0,1425.0,1473.45,1436.62,169
2016-12-01,1499.0,1499.0,1398.0,1438.4,1402.44,125
2016-12-02,1470.0,1470.0,1400.0,1440.0,1404.0,636
2016-12-05,1440.0,1440.0,1402.0,1405.65,1370.51,26
2016-12-06,1449.95,1484.5,1425.0,1484.5,1447.39,155
2016-12-07,1442.25,1450.15,1425.5,1425.5,1389.87,8
2016-12-08,1475.0,1500.0,1475.0,1499.75,1462.26,950
2016-12-09,1460.0,1515.0,1460.0,1481.0,1443.98,18
2016-12-12,1450.0,1545.0,1450.0,1498.95,1461.48,19
2016-12-13,1485.95,1534.0,1485.0,1505.05,1467.43,108
2016-12-14,1499.95,1500.0,1475.0,1494.95,1457.58,253
2016-12-15,1462.0,1500.0,1462.0,1496.0,1458.61,165
2016-12-16,1470.55,1470.55,1435.5,1436.3,1400.4,256
2016-12-19,1465.0,1491.0,1423.0,1432.95,1397.13,116
2016-12-20,1402.0,1450.0,1365.05,1400.0,1365.0,229
2016-12-21,1439.9,1439.9,1405.0,1414.4,1379.04,68
2016-12-22,1410.05,1427.0,1410.0,1427.0,1391.33,28
2016-12-23,1427.0,1427.0,1427.0,1427.0,1391.33,0
2016-12-26,1382.05,1382.05,1380.0,1381.25,1346.72,26
2016-12-27,1381.25,1381.25,1381.25,1381.25,1346.72,0
2016-12-28,1409.95,1415.0,1409.95,1410.8,1375.53,6
2016-12-29,1195.05,1445.0,1195.05,1425.0,1389.38,124
2016-12-30,1400.0,1400.0,1400.0,1400.0,1365.0,1
2017-01-02,1382.6,1382.6,1362.0,1381.85,1347.31,102
2017-01-03,1385.15,1437.0,1385.0,1428.5,1392.79,235
2017-01-04,1448.0,1448.0,1425.0,1447.0,1410.83,140
2017-01-05,1420.0,1489.0,1420.0,1451.65,1415.36,352
2017-01-06,1488.0,1488.0,1430.0,1441.5,1405.47,120
2017-01-09,1456.0,1490.0,1456.0,1485.0,1447.88,76
2017-01-10,1485.0,1536.0,1485.0,1509.75,1472.01,1284
2017-01-11,1549.0,1589.9,1548.0,1549.7,1510.96,629
2017-01-12,1550.0,1550.0,1550.0,1550.0,1511.26,40
2017-01-13,1523.0,1550.0,1523.0,1550.0,1511.26,63
2017-01-16,1548.95,1580.0,1535.05,1570.95,1531.68,1547
2017-01-17,1560.0,1560.0,1537.1,1543.55,1504.97,1217
2017-01-18,1559.95,1587.95,1532.0,1587.95,1548.26,569
2017-01-19,1580.0,1639.95,1562.5,1588.8,1549.09,259
2017-01-20,1542.05,1590.0,1542.0,1570.0,1530.76,143
2017-01-23,1588.0,1600.0,1575.0,1588.7,1548.99,1014
2017-01-24,1610.0,1630.0,1590.0,1629.5,1588.77,2179
2017-01-25,1630.0,1788.0,1630.0,1747.5,1703.82,2795
2017-01-27,1790.0,1814.1,1697.45,1744.55,1700.94,1186
2017-01-30,1779.75,1779.75,1671.1,1675.25,1633.37,196
2017-01-31,1650.0,1694.0,1648.0,1663.65,1622.06,398
2017-02-01,1680.0,1749.0,1638.85,1669.0,1627.28,151
2017-02-02,1669.0,1699.0,1660.0,1666.95,1625.28,36
2017-02-03,1650.55,1735.0,1540.1,1572.75,1533.44,1518
2017-02-06,1560.0,1596.0,1539.95,1561.15,1522.13,1107
2017-02-07,1589.85,1589.85,1540.0,1555.0,1516.13,160
2017-02-08,1536.05,1536.05,1530.1,1530.1,1491.85,6
2017-02-09,1530.15,1530.15,1490.0,1491.0,1453.73,379
2017-02-10,1492.05,1518.0,1480.0,1518.0,1480.06,128
2017-02-13,1501.05,1538.0,1484.95,1503.5,1465.92,305
2017-02-14,1500.0,1538.0,1481.0,1500.7,1463.19,236
2017-02-15,1530.0,1530.05,1500.1,1507.95,1470.26,63
2017-02-16,1530.0,1581.15,1500.65,1507.7,1470.01,122
2017-02-17,1552.9,1625.0,1552.85,1589.2,1549.48,1070
2017-02-20,1616.0,1711.9,1616.0,1703.5,1660.92,1897
2017-02-21,1685.05,1700.0,1646.45,1653.05,1611.73,299
2017-02-22,1625.0,1663.0,1600.0,1662.95,1621.38,380
2017-02-23,1613.15,1720.0,1580.1,1601.55,1561.52,394
2017-02-27,1590.05,1624.9,1590.0,1622.4,1581.85,44
2017-02-28,1620.0,1630.0,1571.1,1580.5,1540.99,101
2017-03-01,1580.15,1628.3,1580.0,1600.85,1560.83,220
2017-03-02,1601.05,1630.0,1555.0,1598.75,1558.79,716
2017-03-03,1597.0,1630.0,1585.0,1614.15,1573.8,531
2017-03-06,1571.2,1620.0,1566.0,1580.8,1541.29,569
2017-03-07,1623.0,1625.0,1584.05,1616.45,1576.04,391
2017-03-08,1600.0,1600.05,1581.0,1582.4,1542.85,87
2017-03-09,1624.85,1624.9,1595.0,1616.5,1576.09,15
2017-03-10,1624.95,1625.0,1575.5,1602.15,1562.1,43
2017-03-14,1610.0,1610.0,1550.0,1578.9,1539.43,532
2017-03-15,1559.0,1575.05,1550.0,1551.0,1512.23,919
2017-03-16,1551.05,1600.0,1551.0,1581.15,1541.63,333
2017-03-17,1594.95,1600.0,1572.2,1585.15,1545.53,548
2017-03-20,1632.7,1650.1,1572.3,1589.65,1549.91,1507
2017-03-21,1630.0,1634.0,1586.2,1607.7,1567.51,892
2017-03-22,1652.0,1652.0,1601.0,1611.25,1570.97,439
2017-03-23,1605.05,1643.4,1602.0,1609.9,1569.66,90
2017-03-24,1658.2,1691.0,1599.95,1655.25,1613.87,1216
2017-03-27,1698.2,1698.2,1597.0,1671.2,1629.43,522
2017-03-28,1720.95,1720.95,1649.95,1658.7,1617.24,370
2017-03-29,1697.75,1700.0,1634.0,1672.1,1630.3,561
2017-03-30,1696.95,1696.95,1585.0,1608.2,1568.0,574
2017-03-31,1610.0,1649.9,1580.0,1602.05,1562.0,840
2017-04-03,1629.95,1630.0,1570.0,1602.95,1562.88,606
2017-04-05,1588.0,1608.0,1586.0,1602.65,1562.59,837
2017-04-06,1603.0,1665.0,1588.1,1606.15,1566.0,710
2017-04-07,1602.85,1702.5,1602.0,1671.2,1629.43,692
2017-04-10,1660.05,1694.0,1650.0,1678.4,1636.45,212
2017-04-11,1694.9,1715.0,1653.15,1701.5,1658.97,1255
2017-04-12,1701.5,1774.95,1701.5,1753.0,1709.18,585
2017-04-13,1760.0,1770.0,1750.0,1759.95,1715.96,288
2017-04-17,1750.5,1760.0,1750.0,1750.0,1706.26,31
2017-04-18,1732.45,1799.9,1730.0,1767.2,1723.03,406
2017-04-19,1725.0,1735.0,1701.0,1716.8,1673.89,67
2017-04-20,1758.95,1798.0,1681.0,1699.35,1656.87,1140
2017-04-21,1700.95,1798.0,1695.05,1709.75,1667.01,984
2017-04-24,1713.0,1717.95,1650.1,1682.85,1640.78,293
2017-04-25,1682.85,1723.0,1655.0,1700.65,1658.14,683
2017-04-26,1690.0,1759.95,1685.0,1726.35,1683.2,701
2017-04-27,1676.5,1679.65,1660.55,1669.6,1627.87,46
2017-04-28,1704.75,1715.0,1685.0,1710.65,1667.89,98
2017-05-02,1659.3,1700.0,1625.0,1657.05,1615.63,228
2017-05-03,1657.5,1689.9,1650.0,1650.65,1609.39,127
2017-05-04,1689.95,1724.85,1661.05,1697.7,1655.26,180
2017-05-05,1670.55,1700.0,1670.0,1678.25,1636.3,87
2017-05-08,1671.0,1700.0,1661.0,1680.0,1638.01,66
2017-05-09,1696.0,1698.0,1661.0,1668.55,1626.84,62
2017-05-10,1679.0,1679.0,1650.0,1650.0,1608.76,293
2017-05-11,1678.95,1715.0,1663.25,1664.75,1623.14,88
2017-05-12,1695.0,1698.0,1625.0,1660.0,1618.51,57
2017-05-15,1651.8,1677.95,1650.0,1650.0,1608.76,174
2017-05-16,1642.0,1692.0,1635.0,1673.35,1631.52,136
2017-05-17,1689.95,1773.0,1671.0,1697.75,1655.31,460
2017-05-18,1719.95,1748.0,1685.5,1707.0,1664.33,279
2017-05-19,1725.0,1725.0,1686.05,1707.95,1665.26,115
2017-05-22,1700.05,1720.05,1680.15,1698.65,1656.19,142
2017-05-23,1719.9,1802.9,1710.0,1761.3,1717.27,1116
2017-05-24,1787.8,1800.0,1750.0,1750.0,1706.26,593
2017-05-25,1749.95,1798.5,1743.95,1769.85,1725.61,181
2017-05-26,1759.95,1760.0,1726.0,1729.65,1686.41,80
2017-05-29,1730.0,1750.05,1657.8,1671.9,1630.11,242
2017-05-30,1699.85,1739.9,1621.0,1636.4,1595.5,432
2017-05-31,1611.0,1611.0,1512.0,1549.95,1511.21,784
2017-06-01,1550.0,1565.0,1507.0,1553.95,1515.11,375
2017-06-02,1560.0,1560.0,1520.0,1537.45,1499.02,658
2017-06-05,1510.5,1573.0,1495.0,1495.0,1457.63,499
2017-06-06,1480.05,1500.0,1425.0,1456.5,1420.09,564
2017-06-07,1444.95,1478.0,1425.1,1442.8,1406.73,288
2017-06-08,1440.05,1469.95,1388.4,1415.8,1380.41,1790
2017-06-09,1422.35,1440.0,1395.2,1419.1,1383.63,429
2017-06-12,1425.0,1428.15,1395.2,1397.5,1362.57,215
2017-06-13,1400.0,1415.0,1392.55,1400.0,1365.0,328
2017-06-14,1400.0,1414.0,1366.0,1390.0,1355.25,271
2017-06-15,1398.95,1398.95,1339.95,1370.5,1336.24,966
2017-06-16,1410.0,1410.0,1383.0,1397.2,1362.27,300
2017-06-19,1404.95,1405.0,1387.0,1392.6,1357.79,262
2017-06-20,1430.0,1430.0,1412.0,1418.75,1383.29,189
2017-06-21,1430.0,1461.0,1424.95,1435.6,1399.71,106
2017-06-22,1460.0,1475.0,1403.1,1441.65,1405.61,217
2017-06-23,1440.05,1440.05,1401.0,1424.65,1389.04,84
2017-06-27,1410.0,1425.0,1401.35,1401.95,1366.91,72
2017-06-28,1401.05,1401.05,1382.0,1394.95,1360.08,95
2017-06-29,1395.1,1400.0,1388.0,1391.0,1356.23,89
2017-06-30,1391.0,1400.0,1380.55,1385.4,1350.77,45
2017-07-03,1382.5,1415.3,1380.0,1384.2,1349.6,136
2017-07-04,1403.0,1428.0,1385.0,1400.0,1365.0,185
2017-07-05,1421.0,1422.0,1390.0,1390.0,1355.25,138
2017-07-06,1399.95,1400.0,1390.0,1390.0,1355.25,201
2017-07-07,1390.0,1400.0,1390.0,1400.0,1365.0,764
2017-07-10,1400.0,1400.0,1400.0,1400.0,1365.0,11
2017-07-11,1440.05,1440.05,1410.05,1425.9,1390.26,125
2017-07-12,1420.05,1420.05,1401.0,1418.95,1383.48,754
2017-07-13,1420.05,1420.05,1406.0,1408.5,1373.29,29
2017-07-14,1415.05,1415.05,1385.0,1393.3,1358.47,775
2017-07-17,1399.95,1430.0,1399.95,1429.55,1393.82,771
2017-07-18,1545.0,1626.0,1401.0,1465.7,1429.06,2002
2017-07-19,1500.0,1500.0,1415.0,1450.75,1414.49,1581
2017-07-20,1425.05,1425.05,1371.0,1376.5,1342.09,869
2017-07-21,1417.8,1450.0,1363.0,1375.1,1340.73,830
2017-07-24,1392.0,1405.0,1360.5,1389.0,1354.28,138
2017-07-25,1389.0,1396.05,1375.1,1388.8,1354.08,98
2017-07-26,1369.55,1374.0,1362.0,1366.5,1332.34,290
2017-07-27,1399.95,1399.95,1366.0,1366.05,1331.9,71
2017-07-28,1368.0,1388.95,1350.0,1381.95,1347.41,155
2017-07-31,1352.0,1399.0,1352.0,1388.1,1353.4,3830
2017-08-01,1385.0,1385.0,1360.0,1369.35,1335.12,2457
2017-08-02,1374.95,1389.0,1300.0,1339.65,1315.77,669
2017-08-03,1327.1,1335.0,1320.0,1320.15,1296.62,517
2017-08-04,1355.0,1355.0,1320.15,1334.6,1310.81,609
2017-08-07,1330.05,1453.4,1330.0,1444.8,1419.05,495
2017-08-08,1402.0,1425.0,1387.0,1405.0,1379.96,351
2017-08-09,1400.0,1420.0,1380.0,1390.45,1365.67,920
2017-08-10,1380.05,1380.05,1350.0,1370.85,1346.42,174
2017-08-11,1399.0,1449.9,1305.05,1345.7,1321.71,359
2017-08-14,1333.2,1400.0,1308.0,1349.95,1325.89,49
2017-08-16,1369.0,1369.95,1369.0,1369.0,1344.6,10
2017-08-17,1339.05,1339.05,1300.0,1325.0,1301.38,169
2017-08-18,1364.8,1438.0,1325.1,1337.9,1314.05,96
2017-08-21,1333.0,1333.0,1333.0,1333.0,1309.24,16
2017-08-22,1389.0,1389.0,1303.0,1307.75,1284.44,18
2017-08-23,1309.0,1320.0,1285.5,1320.0,1296.47,58
2017-08-24,1290.05,1306.0,1285.0,1306.0,1282.72,1663
2017-08-28,1299.95,1324.95,1299.95,1319.95,1296.42,78
2017-08-29,1285.1,1340.0,1284.95,1289.85,1266.86,179
2017-08-30,1328.5,1367.2,1289.1,1292.6,1269.56,117
2017-08-31,1301.0,1326.45,1275.0,1296.0,1272.9,47
2017-09-01,1320.0,1320.0,1298.5,1319.0,1295.49,127
2017-09-04,1315.0,1322.95,1295.0,1320.0,1296.47,95
2017-09-05,1305.0,1320.0,1282.0,1300.0,1276.83,59
2017-09-06,1300.05,1318.95,1288.0,1318.95,1295.44,293
2017-09-07,1318.95,1320.0,1300.0,1320.0,1296.47,72
2017-09-08,1312.0,1312.0,1312.0,1312.0,1288.61,430
2017-09-11,1334.95,1334.95,1305.0,1311.6,1288.22,99
2017-09-12,1306.05,1306.05,1278.0,1288.15,1265.19,458
2017-09-13,1280.0,1287.0,1263.0,1276.85,1254.09,912
2017-09-14,1276.0,1279.95,1221.0,1245.7,1223.5,228
2017-09-15,1269.95,1277.0,1211.0,1246.5,1224.28,820
2017-09-18,1231.65,1260.0,1222.0,1246.3,1224.09,516
2017-09-19,1269.0,1269.0,1240.0,1254.5,1232.14,99
2017-09-20,1250.05,1268.05,1240.0,1259.75,1237.3,40
2017-09-21,1280.0,1280.0,1220.0,1247.0,1224.77,257
2017-09-22,1249.95,1250.3,1220.0,1220.0,1198.25,41
2017-09-25,1215.05,1239.9,1177.0,1186.8,1165.65,261
2017-09-26,1197.95,1220.0,1193.1,1195.0,1173.7,756
2017-09-27,1195.0,1200.0,1190.0,1190.0,1168.79,66
2017-09-28,1199.0,1205.0,1199.0,1205.0,1183.52,34
2017-09-29,1162.0,1266.0,1162.0,1242.4,1220.26,51
2017-10-03,1186.1,1221.75,1186.1,1205.05,1183.57,1217
2017-10-04,1240.0,1249.95,1191.05,1195.05,1173.75,944
2017-10-05,1229.0,1229.9,1180.05,1195.0,1173.7,64
2017-10-06,1229.95,1229.95,1210.0,1212.0,1190.4,111
2017-10-09,1212.0,1212.0,1188.0,1200.0,1178.61,327
2017-10-10,1215.0,1215.0,1198.0,1199.9,1178.51,48
2017-10-11,1214.95,1215.0,1195.0,1195.0,1173.7,113
2017-10-12,1200.0,1200.0,1176.0,1195.0,1173.7,58
2017-10-13,1209.95,1210.0,1175.0,1180.25,1159.21,116
2017-10-16,1210.0,1225.0,1183.0,1193.35,1172.08,48
2017-10-17,1204.35,1204.35,1199.9,1200.0,1178.61,72
2017-10-18,1198.95,1198.95,1185.0,1185.0,1163.88,39
2017-10-19,1284.3,1350.0,1205.0,1267.0,1244.42,418
2017-10-23,1325.0,1384.35,1262.5,1283.8,1260.92,561
2017-10-24,1287.0,1320.0,1275.05,1319.15,1295.64,127
2017-10-25,1315.0,1315.0,1303.0,1303.0,1279.78,8
2017-10-26,1302.0,1302.0,1290.55,1300.0,1276.83,89
2017-10-27,1339.0,1339.0,1286.1,1292.0,1268.97,199
2017-10-30,1292.0,1325.0,1266.0,1280.1,1257.28,127
2017-10-31,1280.15,1350.0,1280.15,1315.0,1291.56,1096
2017-11-01,1328.95,1350.0,1311.0,1342.35,1318.42,255
2017-11-02,1347.95,1348.0,1302.5,1339.55,1315.67,267
2017-11-03,1348.0,1370.0,1285.0,1310.65,1287.29,283
2017-11-06,1320.0,1320.0,1320.0,1320.0,1296.47,7
2017-11-07,1320.5,1350.0,1320.5,1332.15,1308.41,144
2017-11-08,1345.0,1416.0,1341.0,1345.2,1321.22,342
2017-11-09,1345.0,1370.0,1345.0,1351.7,1327.61,155
2017-11-10,1348.0,1410.0,1348.0,1387.0,1362.28,38
2017-11-13,1400.0,1400.0,1340.0,1370.0,1345.58,163
2017-11-14,1350.0,1369.95,1341.0,1348.7,1324.66,36
2017-11-15,1368.95,1403.25,1365.05,1365.05,1340.72,206
2017-11-16,1335.0,1396.0,1335.0,1340.0,1316.12,1240
2017-11-17,1395.0,1400.0,1341.0,1394.4,1369.55,185
2017-11-20,1360.1,1360.1,1340.5,1350.0,1325.94,969
2017-11-21,1367.0,1367.0,1336.0,1336.0,1312.19,160
2017-11-22,1333.05,1358.0,1302.0,1343.95,1320.0,1023
2017-11-23,1340.0,1359.95,1318.0,1324.9,1301.29,23
2017-11-24,1320.0,1350.0,1281.0,1289.55,1266.57,173
2017-11-27,1290.0,1320.0,1290.0,1319.1,1295.59,102
2017-11-28,1335.0,1403.95,1335.0,1335.0,1311.2,151
2017-11-29,1369.95,1388.35,1310.0,1324.8,1301.19,642
2017-11-30,1330.0,1330.0,1275.0,1288.5,1265.53,629
2017-12-01,1320.0,1386.0,1310.0,1350.0,1325.94,631
2017-12-04,1390.0,1431.0,1345.0,1362.25,1337.97,349
2017-12-05,1389.95,1393.0,1330.0,1330.75,1307.03,257
2017-12-06,1341.0,1369.0,1311.5,1323.85,1300.25,362
2017-12-07,1324.95,1346.0,1324.95,1339.0,1315.13,9
2017-12-08,1329.95,1350.0,1308.5,1317.85,1294.36,88
2017-12-11,1339.95,1339.95,1306.0,1329.0,1305.31,45
2017-12-12,1301.0,1330.0,1300.0,1303.8,1280.56,127
2017-12-13,1304.1,1315.0,1304.1,1305.0,1281.74,44
2017-12-14,1320.0,1320.0,1309.95,1310.0,1286.65,62
2017-12-15,1340.0,1345.0,1261.1,1303.6,1280.36,173
2017-12-18,1333.0,1333.0,1310.0,1310.0,1286.65,9
2017-12-19,1316.55,1316.55,1311.0,1311.0,1287.63,3
2017-12-20,1344.0,1344.0,1299.95,1300.0,1276.83,847
2017-12-21,1306.0,1320.0,1306.0,1318.75,1295.24,212
2017-12-22,1348.0,1349.0,1316.2,1339.15,1315.28,1716
2017-12-26,1378.3,1378.3,1340.05,1350.0,1325.94,876
2017-12-27,1349.95,1350.0,1315.0,1332.1,1308.36,379
2017-12-28,1372.1,1372.1,1330.0,1345.95,1321.96,918
2017-12-29,1350.0,1360.05,1345.0,1350.0,1325.94,1428
2018-01-01,1383.95,1405.0,1376.0,1395.05,1370.18,7377
2018-01-02,1436.9,1674.05,1394.0,1671.05,1641.27,24619
2018-01-03,1669.0,1774.8,1669.0,1729.35,1698.53,29302
2018-01-04,1740.0,1752.0,1678.1,1708.1,1677.65,6664
2018-01-05,1750.0,1750.05,1674.8,1683.35,1653.35,6243
2018-01-08,1720.0,1720.0,1680.05,1697.95,1667.69,4051
2018-01-09,1690.2,1700.05,1671.0,1682.65,1652.66,3160
2018-01-10,1691.65,1700.0,1590.0,1620.05,1591.17,3654
2018-01-11,1635.25,1662.0,1633.05,1649.3,1619.9,3801
2018-01-12,1649.3,1800.0,1640.0,1648.55,1619.17,3242
2018-01-15,1650.0,1650.0,1630.1,1648.9,1619.51,1865
2018-01-16,1692.2,1700.0,1640.0,1648.25,1618.87,3823
2018-01-17,1678.45,1678.45,1590.0,1595.5,1567.06,2785
2018-01-18,1609.1,1650.0,1570.0,1578.85,1550.71,1586
2018-01-19,1590.0,1590.0,1538.0,1546.7,1519.13,1503
2018-01-22,1555.8,1601.0,1453.9,1525.65,1498.46,4709
2018-01-23,1571.0,1589.95,1540.0,1573.55,1545.5,554
2018-01-24,1574.95,1590.0,1552.0,1552.0,1524.34,116
2018-01-25,1574.95,1590.0,1525.5,1548.1,1520.51,288
2018-01-29,1589.95,1601.2,1561.1,1575.7,1547.61,897
2018-01-30,1560.0,1600.0,1535.0,1539.75,1512.31,620
2018-01-31,1534.0,1550.0,1522.0,1540.4,1512.94,629
2018-02-01,1550.0,1597.8,1548.0,1556.55,1528.81,778
2018-02-02,1452.65,1529.0,1245.25,1419.95,1394.64,4954
2018-02-05,1400.0,1400.0,1271.0,1386.9,1362.18,1398
2018-02-06,1351.0,1400.0,1312.05,1384.55,1359.87,1011
2018-02-07,1402.0,1410.0,1314.0,1398.8,1373.87,1908
2018-02-08,1393.2,1400.0,1371.0,1374.8,1350.3,1734
2018-02-09,1335.0,1410.0,1320.5,1399.0,1374.06,868
2018-02-12,1418.0,1418.0,1372.0,1393.1,1368.27,626
2018-02-14,1399.95,1400.0,1355.0,1357.95,1333.75,446
2018-02-15,1388.9,1388.9,1353.55,1355.05,1330.9,130
2018-02-16,1373.95,1373.95,1303.1,1336.7,1312.87,564
2018-02-19,1336.7,1369.0,1312.0,1325.3,1301.68,947
2018-02-20,1288.15,1394.4,1288.1,1378.25,1353.68,1405
2018-02-21,1414.0,1414.0,1301.0,1325.2,1301.58,877
2018-02-22,1292.05,1339.0,1292.05,1331.0,1307.28,96
2018-02-23,1348.0,1350.0,1301.0,1347.05,1323.04,1007
2018-02-26,1365.0,1385.0,1301.8,1367.7,1343.32,547
2018-02-27,1340.0,1344.7,1295.0,1332.05,1308.31,1053
2018-02-28,1319.0,1335.0,1318.75,1328.1,1304.43,2102
2018-03-01,1312.55,1364.0,1302.55,1331.7,1307.96,96
2018-03-05,1304.1,1330.0,1295.0,1303.6,1280.36,957
2018-03-06,1320.05,1325.0,1270.0,1287.8,1264.85,223
2018-03-07,1300.0,1340.0,1230.05,1249.95,1227.67,1527
2018-03-08,1285.0,1298.0,1230.05,1250.1,1227.82,1273
2018-03-09,1287.0,1287.0,1235.0,1244.7,1222.51,582
2018-03-12,1275.95,1277.9,1235.0,1249.95,1227.67,245
2018-03-13,1225.5,1270.0,1225.5,1252.55,1230.22,852
2018-03-14,1240.1,1250.0,1216.1,1228.4,1206.51,15752
2018-03-15,1217.0,1285.0,1200.0,1238.6,1216.52,3620
2018-03-16,1250.0,1275.0,1230.0,1245.95,1223.74,768
2018-03-19,1265.0,1269.95,1201.0,1227.95,1206.06,616
2018-03-20,1202.5,1230.0,1200.0,1222.2,1200.42,932
2018-03-21,1215.05,1259.0,1200.0,1206.65,1185.14,631
2018-03-22,1210.05,1223.95,1195.0,1209.85,1188.29,829
2018-03-23,1200.0,1200.0,1155.0,1160.4,1139.72,801
2018-03-26,1155.0,1160.0,1110.05,1133.4,1113.2,1055
2018-03-27,1185.4,1225.0,1130.5,1158.0,1137.36,1238
2018-03-28,1176.95,1190.0,1124.95,1176.95,1155.97,444
2018-04-02,1189.0,1230.0,1189.0,1210.0,1188.43,118
2018-04-03,1210.0,1278.85,1210.0,1265.65,1243.09,110
2018-04-04,1275.0,1329.0,1237.0,1245.0,1222.81,6102
2018-04-05,1280.0,1280.0,1256.0,1276.6,1253.85,2058
2018-04-06,1260.0,1339.9,1238.3,1283.25,1260.38,286
2018-04-09,1300.0,1319.0,1252.35,1256.05,1233.66,1026
2018-04-10,1279.95,1328.0,1260.0,1309.0,1285.67,664
2018-04-11,1275.25,1305.0,1255.0,1271.7,1249.03,309
2018-04-12,1308.0,1340.0,1270.0,1272.4,1249.72,311
2018-04-13,1294.0,1300.0,1268.0,1282.1,1259.25,153
2018-04-16,1266.05,1299.0,1265.5,1285.0,1262.1,38
2018-04-17,1285.0,1305.0,1283.15,1286.05,1263.13,381
2018-04-18,1280.1,1280.1,1254.0,1280.0,1257.19,372
2018-04-19,1265.5,1275.0,1265.0,1275.0,1252.27,417
2018-04-20,1275.0,1300.0,1260.0,1267.35,1244.76,5161
2018-04-23,1299.0,1300.0,1265.3,1280.35,1257.53,1076
2018-04-24,1265.0,1280.0,1265.0,1280.0,1257.19,541
2018-04-25,1272.45,1350.0,1251.05,1350.0,1325.94,380
2018-04-26,1309.55,1309.55,1267.1,1273.4,1250.7,345
2018-04-27,1296.0,1330.0,1275.0,1309.95,1286.6,2316
2018-04-30,1350.0,1359.95,1290.0,1294.2,1271.13,63
2018-05-02,1294.0,1311.15,1237.0,1270.0,1247.36,386
2018-05-03,1273.6,1279.65,1198.6,1255.0,1232.63,2463
2018-05-04,1230.0,1285.0,1230.0,1240.45,1218.34,253
2018-05-07,1260.0,1260.0,1248.1,1254.05,1231.7,25
2018-05-08,1280.0,1280.0,1256.1,1270.0,1247.36,92
2018-05-09,1260.0,1305.0,1260.0,1304.45,1281.2,815
2018-05-10,1275.15,1280.0,1268.1,1270.7,1248.05,44
2018-05-11,1260.0,1280.0,1260.0,1266.0,1243.43,56
2018-05-14,1262.55,1262.55,1231.0,1237.6,1215.54,118
2018-05-15,1249.95,1250.0,1190.0,1209.0,1187.45,1089
2018-05-16,1210.0,1240.0,1191.0,1201.0,1179.59,1127
2018-05-17,1201.0,1224.9,1201.0,1205.25,1183.77,38
2018-05-18,1212.0,1217.15,1192.1,1201.95,1180.53,179
2018-05-21,1192.55,1192.55,1181.0,1190.0,1168.79,96
2018-05-22,1190.0,1205.05,1190.0,1201.4,1179.99,151
2018-05-23,1202.05,1216.0,1185.1,1201.0,1179.59,155
2018-05-24,1190.15,1200.0,1185.0,1199.9,1178.51,15
2018-05-25,1185.05,1190.0,1152.5,1190.0,1168.79,490
2018-05-28,1200.0,1205.0,1191.0,1204.9,1183.42,160
2018-05-29,1203.0,1205.0,1180.0,1195.9,1174.58,1593
2018-05-30,1199.05,1203.95,1190.0,1197.0,1175.66,5035
2018-05-31,1211.05,1230.0,1210.0,1219.75,1198.01,185
2018-06-01,1203.95,1207.0,1188.05,1198.55,1177.19,84
2018-06-04,1190.5,1203.25,1190.5,1194.0,1172.72,254
2018-06-05,1190.0,1190.25,1190.0,1190.0,1168.79,633
2018-06-06,1190.0,1200.05,1176.1,1189.8,1168.59,391
2018-06-07,1215.0,1215.0,1190.0,1190.25,1169.03,250
2018-06-08,1190.05,1237.5,1175.5,1185.35,1164.22,28
2018-06-11,1225.0,1225.0,1191.0,1191.05,1169.82,33
2018-06-12,1224.9,1225.0,1197.1,1197.1,1175.76,254
2018-06-13,1234.95,1234.95,1175.0,1184.75,1163.63,196
2018-06-14,1212.5,1252.0,1190.0,1193.5,1172.23,94
2018-06-15,1190.1,1190.1,1175.0,1180.0,1158.97,119
2018-06-18,1180.15,1180.15,1167.0,1170.0,1149.15,330
2018-06-19,1180.6,1198.95,1176.95,1190.35,1169.13,209
2018-06-20,1206.3,1206.35,1170.0,1200.3,1178.91,128
2018-06-21,1202.0,1206.0,1190.0,1206.0,1184.5,151
2018-06-22,1207.15,1278.4,1190.0,1190.0,1168.79,134
2018-06-25,1190.0,1269.95,1190.0,1200.0,1178.61,120
2018-06-26,1214.95,1268.85,1128.0,1194.55,1173.26,769
2018-06-27,1190.05,1260.0,1175.1,1210.6,1189.02,267
2018-06-28,1205.5,1205.5,1185.0,1185.1,1163.98,457
2018-06-29,1186.0,1195.0,1186.0,1190.0,1168.79,316
2018-07-02,1160.5,1224.0,1160.5,1208.7,1187.16,373
2018-07-03,1200.0,1241.1,1160.45,1200.05,1178.66,225
2018-07-04,1212.0,1212.0,1190.0,1197.0,1175.66,161
2018-07-05,1200.0,1200.0,1190.0,1200.0,1178.61,253
2018-07-06,1200.0,1200.0,1190.0,1190.0,1168.79,197
2018-07-09,1200.05,1200.05,1190.0,1190.0,1168.79,30
2018-07-10,1175.15,1190.0,1160.0,1167.85,1147.03,202
2018-07-11,1180.05,1195.0,1150.0,1188.2,1167.02,422
2018-07-12,1199.9,1249.0,1199.9,1200.0,1178.61,113
2018-07-13,1200.1,1200.1,1170.6,1176.0,1155.04,364
2018-07-16,1199.9,1199.95,1165.2,1165.25,1144.48,51
2018-07-17,1167.05,1211.0,1167.05,1200.0,1178.61,105
2018-07-18,1200.0,1200.0,1162.05,1173.05,1152.14,78
2018-07-19,1170.05,1178.0,1135.25,1137.75,1117.47,253
2018-07-20,1171.85,1171.85,1150.0,1151.0,1130.48,4
2018-07-23,1194.0,1194.0,1187.95,1189.25,1168.05,16
2018-07-24,1184.95,1207.9,1184.95,1200.0,1178.61,252
2018-07-25,1220.0,1220.0,1200.0,1202.15,1180.72,114
2018-07-26,1200.0,1218.0,1200.0,1218.0,1196.29,18
2018-07-27,1218.05,1237.0,1205.0,1205.0,1183.52,157
2018-07-30,1210.5,1210.5,1170.5,1170.5,1149.64,68
2018-07-31,1199.95,1240.0,1179.95,1200.0,1178.61,511
2018-08-01,1200.0,1231.5,1200.0,1231.5,1209.55,40
2018-08-02,1200.0,1230.0,1160.5,1190.0,1168.79,199
2018-08-03,1227.95,1235.0,1167.25,1200.4,1179.0,146
2018-08-06,1190.1,1227.0,1190.0,1212.95,1191.33,127
2018-08-07,1212.95,1240.0,1212.95,1213.0,1191.38,202
2018-08-08,1225.0,1249.0,1207.0,1221.5,1200.97,295
2018-08-09,1201.05,1213.0,1201.0,1212.25,1193.09,140
2018-08-10,1195.05,1210.0,1195.05,1196.0,1177.1,290
2018-08-13,1225.0,1233.0,1205.0,1205.0,1185.96,215
2018-08-14,1227.0,1251.7,1200.0,1205.0,1185.96,209
2018-08-16,1210.05,1210.05,1200.0,1200.05,1181.08,130
2018-08-17,1210.0,1210.0,1200.0,1200.0,1181.04,294
2018-08-20,1229.95,1252.0,1207.1,1242.5,1222.86,551
2018-08-21,1205.5,1209.95,1175.05,1187.15,1168.39,226
2018-08-23,1190.1,1210.0,1185.2,1201.05,1182.07,16
2018-08-24,1205.05,1205.05,1175.05,1178.9,1160.27,208
2018-08-27,1200.05,1200.05,1176.55,1200.0,1181.04,503
2018-08-28,1200.0,1200.0,1175.05,1179.0,1160.37,112
2018-08-29,1186.0,1186.0,1176.5,1177.85,1159.24,37
2018-08-30,1170.4,1185.0,1170.25,1185.0,1166.27,73
2018-08-31,1185.0,1185.0,1180.0,1181.4,1162.73,31
2018-09-03,1190.0,1199.95,1171.0,1171.2,1152.69,146
2018-09-04,1170.5,1174.95,1160.0,1161.1,1142.75,151
2018-09-05,1160.15,1171.1,1160.0,1171.05,1152.54,94
2018-09-06,1160.0,1162.0,1150.0,1151.5,1133.3,159
2018-09-07,1145.0,1183.9,1130.05,1174.6,1156.04,263
2018-09-10,1151.0,1161.0,1131.0,1149.85,1131.68,73
2018-09-11,1184.0,1184.0,1132.0,1139.85,1121.84,224
2018-09-12,1132.15,1168.75,1112.2,1135.45,1117.51,173
2018-09-14,1179.0,1179.0,1135.15,1157.05,1138.76,259
2018-09-17,1157.5,1180.0,1153.15,1153.15,1134.93,64
2018-09-18,1105.6,1178.0,1105.6,1177.95,1159.33,53
2018-09-19,1191.95,1210.1,1191.95,1209.35,1190.24,305
2018-09-21,1185.05,1187.0,1150.0,1170.0,1151.51,57
2018-09-24,1170.0,1200.0,1102.0,1199.6,1180.64,322
2018-09-25,1150.15,1307.55,1118.6,1160.2,1141.86,499
2018-09-26,1235.95,1248.0,1173.9,1200.0,1181.04,676
2018-09-27,1170.0,1170.05,1138.5,1152.45,1134.24,44
2018-09-28,1119.0,1282.0,1110.0,1245.8,1226.11,2915
2018-10-01,1142.0,1235.0,1140.0,1177.0,1158.4,766
2018-10-03,1150.0,1215.0,1150.0,1170.2,1151.71,36
2018-10-04,1141.1,1150.0,1119.1,1145.55,1127.45,194
2018-10-05,1134.1,1151.25,1100.0,1119.35,1101.66,430
2018-10-08,1185.0,1199.0,1099.2,1099.6,1082.22,736
2018-10-09,1100.15,1100.15,1069.9,1075.35,1058.36,540
2018-10-10,1080.05,1115.0,1079.0,1079.05,1062.0,124
2018-10-11,1079.05,1100.0,1075.05,1100.0,1082.62,35
2018-10-12,1100.05,1120.0,1080.0,1082.5,1065.39,56
2018-10-15,1094.0,1105.0,1094.0,1105.0,1087.54,7
2018-10-16,1122.55,1130.0,1070.0,1071.0,1054.07,140
2018-10-17,1119.95,1182.95,1071.5,1081.0,1063.92,68
2018-10-19,1082.0,1115.0,1071.0,1099.95,1082.57,130
2018-10-22,1076.1,1076.1,1060.0,1060.0,1043.25,226
2018-10-23,1089.95,1089.95,1051.0,1056.95,1040.25,117
2018-10-24,1057.65,1060.0,1036.0,1040.05,1023.61,214
2018-10-25,1056.5,1078.95,1035.0,1041.0,1024.55,86
2018-10-26,1010.05,1030.0,1010.0,1020.75,1004.62,378
2018-10-29,1021.1,1038.95,1001.1,1019.4,1003.29,81
2018-10-30,1025.05,1025.05,1001.0,1011.0,995.02,45
2018-10-31,1011.0,1049.65,968.1,1024.35,1008.16,38
2018-11-01,1010.05,1051.7,1010.0,1050.0,1033.41,131
2018-11-02,1050.05,1126.0,1050.0,1107.15,1089.65,212
2018-11-05,1080.0,1238.95,1063.1,1184.95,1166.22,429
2018-11-06,1149.45,1300.05,1125.0,1243.75,1224.09,1075
2018-11-07,1250.1,1250.1,1201.05,1235.4,1215.88,182
2018-11-09,1245.0,1253.9,1115.05,1133.95,1116.03,239
2018-11-12,1149.95,1198.95,1149.95,1174.4,1155.84,62
2018-11-13,1170.0,1170.0,1150.0,1152.65,1134.43,57
2018-11-14,1150.05,1170.0,1150.0,1170.0,1151.51,17
2018-11-15,1135.15,1157.0,1115.1,1140.0,1121.98,22
2018-11-16,1100.0,1194.9,1060.0,1120.15,1102.45,143
2018-11-19,1125.05,1125.05,1105.0,1105.0,1087.54,108
2018-11-20,1110.05,1110.05,1110.0,1110.0,1092.46,6
2018-11-21,1131.5,1132.4,1105.0,1105.05,1087.59,7
2018-11-22,1100.05,1135.0,1035.05,1092.8,1075.53,114
2018-11-26,1060.05,1100.0,1040.0,1055.25,1038.57,17
2018-11-27,1070.05,1077.05,1016.3,1020.9,1004.77,136
2018-11-28,1024.0,1030.3,1015.0,1026.1,1009.88,1165
2018-11-29,1035.05,1082.0,1015.0,1082.0,1064.9,26
2018-11-30,1022.6,1043.95,1022.55,1043.95,1027.45,45
2018-12-03,1008.05,1066.0,1008.05,1014.5,998.47,244
2018-12-04,1010.05,1025.95,1004.85,1007.55,991.63,566
2018-12-05,1005.0,1010.0,994.8,999.15,983.36,3078
2018-12-06,993.1,993.1,980.1,984.75,969.19,107
2018-12-07,990.05,990.05,982.5,982.6,967.07,60
2018-12-10,980.1,1022.9,963.0,971.7,956.34,148
2018-12-11,966.0,1000.0,965.0,1000.0,984.2,201
2018-12-12,1049.85,1049.95,1043.85,1043.85,1027.35,11
2018-12-13,1044.0,1090.0,1044.0,1081.0,1063.92,127
2018-12-14,1081.0,1081.0,1081.0,1081.0,1063.92,0
2018-12-17,1199.0,1245.0,1075.55,1093.4,1076.12,861
2018-12-18,1060.6,1143.0,1030.0,1037.85,1021.45,287
2018-12-19,1037.85,1037.85,1037.85,1037.85,1021.45,0
2018-12-20,1035.05,1069.95,1030.0,1069.95,1053.04,52
2018-12-21,1040.25,1046.0,1010.0,1023.0,1006.83,75
2018-12-24,1050.0,1098.0,1013.15,1013.15,997.14,47
2018-12-26,1015.15,1069.0,1001.15,1069.0,1052.11,43
2018-12-27,1050.0,1095.0,1030.6,1042.3,1025.83,218
2018-12-28,1050.05,1050.05,1025.2,1025.65,1009.44,19
2018-12-31,1005.1,1101.0,1005.1,1097.3,1079.96,208
2019-01-01,1098.0,1126.9,1098.0,1122.0,1104.27,7
2019-01-02,1100.05,1110.0,1100.0,1107.2,1089.7,32
2019-01-03,1129.95,1143.9,1080.0,1082.4,1065.29,219
2019-01-04,1082.0,1145.0,1036.0,1063.0,1046.2,264
2019-01-07,1045.0,1045.0,1038.6,1042.45,1025.98,9
2019-01-08,1040.0,1089.0,1035.1,1050.0,1033.41,245
2019-01-09,1051.25,1051.25,1050.0,1050.0,1033.41,13
2019-01-10,1070.0,1070.0,1031.5,1070.0,1053.09,306
2019-01-11,1070.0,1070.0,1070.0,1070.0,1053.09,0
2019-01-14,1070.0,1070.05,1026.1,1038.25,1021.84,43
2019-01-15,1069.8,1069.9,1041.0,1041.05,1024.6,82
2019-01-16,1040.15,1069.0,1025.65,1040.1,1023.66,470
2019-01-17,1030.0,1049.9,1026.0,1048.0,1031.44,19
2019-01-18,1005.1,1020.05,1005.0,1018.55,1002.45,137
2019-01-21,1015.0,1029.95,988.1,1016.55,1000.48,106
2019-01-22,986.1,1037.0,986.0,1018.6,1002.5,162
2019-01-23,1018.0,1018.05,985.0,998.7,982.92,64
2019-01-24,1005.0,1009.9,985.0,985.85,970.27,163
2019-01-25,985.7,1024.0,938.0,962.2,946.99,367
2019-01-28,962.0,979.8,881.0,904.9,890.6,517
2019-01-29,944.95,944.95,866.5,871.05,857.28,299
2019-01-30,870.05,885.5,840.0,866.0,852.31,249
2019-01-31,853.5,950.0,853.0,924.2,909.59,767
2019-02-01,955.0,955.0,891.35,909.0,894.63,82
2019-02-04,909.0,1080.0,876.0,1047.6,1031.04,4145
2019-02-05,1050.0,1119.95,969.0,998.15,982.38,162
2019-02-06,965.0,1117.9,965.0,1007.1,991.18,371
2019-02-07,1007.1,1007.1,975.05,994.7,978.98,81
2019-02-08,985.1,985.1,930.0,957.55,942.42,71
2019-02-11,957.55,960.0,925.55,948.95,933.95,27
2019-02-12,930.05,956.0,920.0,924.95,910.33,43
2019-02-14,1019.05,1033.95,945.0,1013.7,997.68,459
2019-02-15,1001.05,1009.8,1000.0,1000.0,984.2,502
2019-02-18,1000.05,1000.05,965.05,965.05,949.8,3
2019-02-19,975.05,1069.0,975.05,975.35,959.94,45
2019-02-20,975.1,1001.0,975.1,977.55,962.1,22
2019-02-21,953.0,999.0,953.0,982.0,966.48,85
2019-02-22,999.95,1010.0,999.95,1010.0,994.04,102
2019-02-25,1010.0,1010.0,978.4,984.7,969.14,40
2019-02-26,985.05,1092.0,985.0,1065.1,1048.27,520
2019-02-27,1100.0,1103.0,1013.05,1030.0,1013.72,796
2019-02-28,1079.9,1099.0,1020.0,1047.05,1030.5,712
2019-03-01,1051.05,1051.05,1030.0,1046.0,1029.47,562
2019-03-05,1190.0,1190.0,1061.05,1074.15,1057.17,360
2019-03-06,1070.0,1070.1,1039.95,1049.65,1033.06,366
2019-03-07,1074.95,1075.0,1030.0,1051.0,1034.39,95
2019-03-08,1055.0,1055.0,1030.0,1055.0,1038.33,162
2019-03-11,1041.1,1088.9,1041.1,1069.95,1053.04,293
2019-03-12,1093.95,1107.9,1088.0,1100.05,1082.67,765
2019-03-13,1085.05,1093.95,1042.5,1070.25,1053.34,16
2019-03-14,1080.05,1110.0,1040.05,1110.0,1092.46,29
2019-03-15,1086.5,1110.0,1082.05,1084.45,1067.31,16
2019-03-18,1109.95,1109.95,1109.95,1109.95,1092.41,1
2019-03-19,1117.0,1118.0,1081.0,1104.55,1087.09,12
2019-03-20,1075.0,1114.1,1061.05,1114.0,1096.39,99
2019-03-22,1140.0,1168.0,1100.0,1145.05,1126.95,336
2019-03-25,1112.05,1140.0,1072.05,1077.2,1060.18,284
2019-03-26,1130.0,1130.0,1050.25,1065.55,1048.71,334
2019-03-27,1125.0,1138.0,1094.0,1135.0,1117.06,126
2019-03-28,1139.95,1140.0,1110.0,1131.35,1113.47,150
2019-04-01,1110.05,1159.0,1110.05,1151.0,1132.81,25
2019-04-02,1115.05,1169.95,1115.05,1162.45,1144.08,17
2019-04-03,1121.0,1139.8,1079.95,1089.5,1072.28,371
2019-04-04,1089.05,1098.0,1062.15,1072.55,1055.6,140
2019-04-05,1100.0,1100.05,1036.1,1089.8,1072.58,106
2019-04-08,1033.0,1124.9,1033.0,1100.0,1082.62,221
2019-04-09,1100.05,1129.95,1001.0,1049.75,1033.16,733
2019-04-10,1096.0,1096.0,1070.0,1085.0,1067.85,122
2019-04-11,1079.95,1107.0,1079.85,1098.1,1080.75,171
2019-04-12,1070.05,1124.95,1053.0,1070.1,1053.19,75
2019-04-15,1075.05,1075.05,1052.5,1057.15,1040.44,29
2019-04-16,1057.15,1063.9,1025.0,1063.5,1046.69,695
2019-04-18,1050.15,1050.5,1050.0,1050.1,1033.5,115
2019-04-22,1050.1,1058.0,1030.0,1058.0,1041.28,54
2019-04-23,1050.0,1080.0,1050.0,1080.0,1062.93,426
2019-04-24,1080.0,1082.95,1050.0,1050.0,1033.41,604
2019-04-25,1050.1,1050.1,1050.0,1050.0,1033.41,126
2019-04-26,1025.0,1100.0,1016.0,1075.4,1058.4,436
2019-04-30,1080.0,1080.0,1040.1,1045.9,1029.37,14
2019-05-02,1070.0,1093.95,1050.0,1056.8,1040.1,42
2019-05-03,1051.55,1051.55,1049.85,1050.0,1033.41,613
2019-05-06,1040.1,1050.0,1040.0,1042.35,1025.88,24
2019-05-07,1050.6,1050.6,1050.0,1050.0,1033.41,117
2019-05-08,1050.0,1050.05,1050.0,1050.0,1033.41,184
2019-05-09,1050.0,1051.0,1020.05,1049.4,1032.82,616
2019-05-10,1050.0,1050.05,1006.0,1020.75,1004.62,64
2019-05-13,1025.0,1050.0,980.05,1024.4,1008.21,557
2019-05-14,1050.0,1050.0,991.0,1030.0,1013.72,365
2019-05-15,1001.05,1025.0,950.1,999.0,983.21,564
2019-05-16,980.0,1000.0,967.0,1000.0,984.2,33
2019-05-17,990.05,1000.0,976.0,980.4,964.91,642
2019-05-20,992.05,1038.95,991.0,1012.5,996.5,42
2019-05-21,1012.5,1012.5,1012.5,1012.5,996.5,0
2019-05-22,1013.0,1050.0,1010.0,1041.25,1024.79,62
2019-05-23,1021.75,1021.75,1021.75,1021.75,1005.6,2
2019-05-24,1030.0,1063.0,1030.0,1063.0,1046.2,311
2019-05-27,1060.0,1079.95,1050.0,1055.55,1038.87,329
2019-05-28,1016.5,1068.9,1015.05,1022.3,1006.14,85
2019-05-29,1035.65,1081.45,1030.0,1050.2,1033.6,349
2019-05-30,1055.05,1058.0,1035.95,1050.35,1033.75,51
2019-05-31,1074.95,1074.95,1050.0,1050.0,1033.41,143
2019-06-03,1050.05,1075.0,1010.05,1070.85,1053.93,852
2019-06-04,1020.1,1069.95,1016.0,1021.75,1005.6,644
2019-06-06,1001.25,1049.7,1001.1,1047.05,1030.5,103
2019-06-07,1019.9,1079.95,1019.9,1074.9,1057.91,207
2019-06-10,1028.4,1073.95,1028.4,1037.85,1021.45,106
2019-06-11,1034.95,1044.0,1001.0,1030.05,1013.77,109
2019-06-12,1030.05,1044.9,1015.05,1029.95,1013.67,31
2019-06-13,1000.05,1019.95,985.0,1005.45,989.56,226
2019-06-14,1019.95,1019.95,985.05,985.3,969.73,41
2019-06-17,1001.25,1026.75,976.0,1012.15,996.15,83
2019-06-18,980.0,1000.05,975.0,983.9,968.35,69
2019-06-19,965.0,1040.0,965.0,985.0,969.43,11
2019-06-20,964.0,1014.0,964.0,1014.0,997.98,194
2019-06-21,1044.95,1045.0,1000.0,1000.0,984.2,98
2019-06-24,989.95,1028.5,963.0,980.05,964.56,267
2019-06-25,941.0,1009.0,941.0,1009.0,993.05,9
2019-06-26,961.0,995.05,961.0,993.95,978.24,20
2019-06-27,976.5,1000.0,976.5,999.95,984.15,66
2019-06-28,990.0,1000.05,985.05,992.5,976.81,6
2019-07-01,969.0,1020.05,968.0,991.55,975.88,193
2019-07-02,980.0,1015.0,980.0,1005.0,989.12,83
2019-07-03,972.0,1004.95,965.0,977.55,962.1,57
2019-07-04,971.0,1000.0,966.1,975.6,960.18,59
2019-07-05,946.0,1020.0,946.0,1000.0,984.2,16
2019-07-08,1049.0,1049.0,951.0,960.0,944.83,66
2019-07-09,971.2,999.0,971.2,996.35,980.6,5
2019-07-10,990.0,1025.0,982.0,993.0,977.31,15
2019-07-11,985.0,997.0,951.0,959.45,944.29,106
2019-07-12,925.65,972.0,925.65,960.0,944.83,78
2019-07-15,950.0,966.05,903.6,912.0,897.59,208
2019-07-16,881.0,929.95,881.0,916.25,901.77,227
2019-07-17,920.0,939.0,920.0,925.0,910.38,1085
2019-07-18,903.0,931.95,903.0,929.0,914.32,7
2019-07-19,890.0,949.95,872.0,891.7,877.61,446
2019-07-22,835.0,898.95,835.0,874.85,861.02,1103
2019-07-23,842.0,949.0,842.0,903.5,889.22,75
2019-07-24,861.0,915.05,861.0,881.55,867.62,39
2019-07-25,885.0,910.05,850.0,885.0,871.01,220
2019-07-26,851.0,898.0,851.0,898.0,883.81,23
2019-07-29,851.0,961.0,851.0,872.95,859.15,135
2019-07-30,850.0,868.0,840.0,865.0,851.33,125
2019-07-31,896.0,1018.0,855.6,992.25,976.57,3680
2019-08-01,952.0,970.0,903.05,919.05,904.53,116
2019-08-02,912.0,912.0,882.0,896.15,881.99,216
2019-08-05,855.0,949.85,838.5,912.0,897.59,4074
2019-08-06,861.25,996.45,861.25,898.05,883.86,41
2019-08-07,940.0,940.0,870.35,875.15,861.32,45
2019-08-08,870.0,900.05,870.0,880.6,866.68,55
2019-08-09,920.05,920.05,877.0,890.5,876.43,40
2019-08-13,890.05,940.0,878.0,929.65,914.96,167
2019-08-14,876.55,890.0,875.0,890.0,883.54,180
2019-08-16,875.0,940.05,875.0,933.3,926.52,196
2019-08-19,909.95,960.0,904.95,941.85,935.01,30
2019-08-20,917.15,955.0,915.05,920.05,913.37,38
2019-08-21,914.95,950.0,871.0,904.15,897.59,363
2019-08-22,920.05,920.05,860.1,863.35,857.08,415
2019-08-23,900.0,900.0,852.0,860.55,854.3,34
2019-08-26,920.05,920.05,890.0,899.95,893.42,7
2019-08-27,900.0,910.0,880.0,906.05,899.47,79
2019-08-28,940.0,940.0,900.0,900.0,893.47,3
2019-08-29,900.0,900.0,876.05,882.05,875.65,7
2019-08-30,900.05,920.0,845.0,916.35,909.7,127
2019-09-03,870.15,938.9,860.5,907.95,901.36,133
2019-09-04,934.95,934.95,870.05,890.0,883.54,52
2019-09-05,910.05,924.95,882.0,882.0,875.6,166
2019-09-06,880.15,920.0,880.1,905.0,898.43,47
2019-09-09,846.0,920.0,842.1,885.0,878.57,128
2019-09-11,900.05,910.0,882.0,907.7,901.11,66
2019-09-12,939.8,939.8,888.0,895.8,889.3,136
2019-09-13,900.0,900.0,878.0,890.0,883.54,11
2019-09-16,909.0,924.4,896.0,922.9,916.2,10
2019-09-17,935.0,969.0,915.0,916.75,910.09,482
2019-09-18,960.05,989.2,870.05,919.0,912.33,31
2019-09-19,949.95,1010.0,905.1,980.85,973.73,546
2019-09-20,950.05,998.95,910.5,936.45,929.65,222
2019-09-23,993.05,993.05,900.0,959.95,952.98,39
2019-09-24,900.05,998.95,900.05,932.45,925.68,44
2019-09-25,890.05,950.0,890.05,945.6,938.73,126
2019-09-26,920.0,949.0,916.0,936.75,929.95,901
2019-09-27,949.0,949.0,900.05,936.5,929.7,8
2019-09-30,901.0,948.0,889.0,919.95,913.27,50
2019-10-01,919.95,919.95,919.95,919.95,913.27,0
2019-10-03,885.1,939.95,870.0,879.0,872.62,222
2019-10-04,889.95,890.0,865.2,868.15,861.85,21
2019-10-07,826.0,1000.0,826.0,938.75,931.93,188
2019-10-09,918.95,919.0,918.95,919.0,912.33,6
2019-10-10,919.0,919.0,919.0,919.0,912.33,0
2019-10-11,900.0,901.0,885.05,901.0,894.46,40
2019-10-14,900.0,900.0,852.0,880.0,873.61,19
2019-10-15,880.0,880.0,880.0,880.0,873.61,0
2019-10-16,888.0,888.0,888.0,888.0,881.55,2
2019-10-17,925.0,925.0,883.0,883.0,876.59,14
2019-10-18,883.05,939.0,883.0,934.95,928.16,139
2019-10-22,939.0,939.0,872.0,901.15,894.61,181
2019-10-23,865.05,928.95,865.05,900.0,893.47,53
2019-10-24,900.05,938.0,880.2,904.45,897.88,94
2019-10-25,880.0,924.0,860.0,888.9,882.45,311
2019-10-29,889.95,899.95,889.95,899.95,893.42,16
2019-10-30,915.05,915.05,862.0,890.0,883.54,47
2019-10-31,920.05,920.2,900.05,900.05,893.51,138
2019-11-01,900.0,907.0,888.0,907.0,900.41,38
2019-11-04,880.05,910.0,880.05,896.4,889.89,123
2019-11-05,901.05,911.05,879.0,898.6,892.08,150
2019-11-06,900.0,929.95,877.0,879.8,873.41,104
2019-11-07,881.0,900.0,860.0,879.95,873.56,98
2019-11-08,880.2,900.0,871.05,881.6,875.2,37
2019-11-11,852.0,879.0,835.0,850.0,843.83,215
2019-11-13,850.05,850.05,820.0,820.9,814.94,507
2019-11-14,824.5,825.5,801.15,820.0,814.05,61
2019-11-15,810.1,834.95,750.4,802.5,796.67,447
2019-11-18,802.4,811.0,755.1,772.5,766.89,113
2019-11-19,790.0,800.0,750.6,776.2,770.56,310
2019-11-20,782.05,870.0,782.05,850.0,843.83,7241
2019-11-21,896.0,896.0,832.05,861.5,855.24,881
2019-11-22,861.5,861.5,861.5,861.5,855.24,0
2019-11-25,884.0,885.05,811.6,838.6,832.51,104
2019-11-26,825.55,852.95,825.55,828.1,822.09,16
2019-11-27,842.45,842.45,831.4,831.4,825.36,8
2019-11-28,802.0,831.0,802.0,831.0,824.97,2
2019-11-29,801.0,825.05,800.0,825.0,819.01,1874
2019-12-02,850.0,850.0,800.1,800.3,794.49,29
2019-12-03,810.4,855.0,769.95,783.05,777.36,86
2019-12-04,786.2,791.0,786.15,791.0,785.26,6
2019-12-05,800.0,804.05,800.0,804.0,798.16,7
2019-12-06,790.05,790.05,790.0,790.0,784.26,7
2019-12-09,785.0,785.0,785.0,785.0,779.3,1
2019-12-10,785.0,800.0,728.0,800.0,794.19,140
2019-12-11,800.0,800.0,757.0,760.0,754.48,355
2019-12-12,789.95,810.0,730.05,773.5,767.88,356
2019-12-13,780.0,799.95,770.95,771.0,765.4,117
2019-12-16,773.1,900.0,773.0,817.3,811.37,73
2019-12-17,849.95,849.95,790.2,814.9,808.98,56
2019-12-18,801.05,844.95,778.0,795.05,789.28,83
2019-12-19,800.1,810.0,781.1,791.2,785.46,172
2019-12-20,791.2,791.2,791.2,791.2,785.46,0
2019-12-23,781.55,800.0,781.25,800.0,794.19,9
2019-12-24,785.05,798.9,785.0,798.9,793.1,3
2019-12-26,814.95,839.0,785.05,800.0,794.19,873
2019-12-27,780.15,798.0,757.05,766.6,761.03,86
2019-12-30,766.05,789.95,766.05,774.0,768.38,27
2019-12-31,800.0,900.0,762.0,816.4,810.47,140
2020-01-01,814.95,821.0,799.0,804.85,799.01,20
2020-01-02,848.0,848.0,761.0,798.25,792.45,439
2020-01-03,800.25,840.05,799.0,800.0,794.19,677
2020-01-06,790.1,790.1,790.1,790.1,784.36,6
2020-01-07,849.7,849.7,755.1,783.8,778.11,159
2020-01-08,838.9,838.9,771.0,780.0,774.34,180
2020-01-09,824.95,835.0,786.0,800.0,794.19,446
2020-01-10,800.05,800.05,795.0,795.0,789.23,6614
2020-01-13,813.95,813.95,796.15,800.0,794.19,127
2020-01-14,800.05,800.05,780.0,785.0,779.3,350
2020-01-15,820.0,855.0,801.0,838.4,832.31,366
2020-01-16,869.0,1000.0,837.0,997.25,990.01,1971
2020-01-17,1040.0,1099.0,930.4,961.5,954.52,1636
2020-01-20,928.05,1000.0,928.05,984.9,977.75,800
2020-01-21,972.2,989.95,930.05,938.25,931.44,436
2020-01-22,994.95,995.0,927.4,931.5,924.74,332
2020-01-23,940.4,940.95,901.05,905.0,898.43,269
2020-01-24,925.0,954.5,881.0,908.3,901.71,296
2020-01-27,919.85,919.85,852.0,895.1,888.6,240
2020-01-28,904.0,904.0,845.0,849.4,843.23,318
2020-01-29,889.95,889.95,821.0,861.1,854.85,282
2020-01-30,888.85,949.0,830.05,862.35,856.09,399
2020-01-31,910.0,910.0,821.0,834.5,828.44,62
2020-02-03,887.0,917.0,825.15,885.6,879.17,271
2020-02-04,825.7,890.0,825.1,857.25,851.03,224
2020-02-05,910.0,910.0,850.1,852.65,846.46,56
2020-02-06,844.0,938.8,828.1,832.05,826.01,374
2020-02-07,872.0,872.0,840.1,840.25,834.15,55
2020-02-10,840.0,869.0,812.3,815.5,809.58,86
2020-02-11,831.05,854.55,816.0,844.75,838.62,197
2020-02-12,832.0,838.95,828.0,829.25,823.23,52
2020-02-13,802.15,830.0,781.0,794.3,788.53,255
2020-02-14,800.0,804.0,753.15,783.0,777.31,522
2020-02-17,785.0,798.0,764.5,764.6,759.05,232
2020-02-18,766.05,792.95,743.55,784.4,778.7,160
2020-02-19,789.2,821.6,782.05,793.7,787.94,50
2020-02-20,780.05,780.1,770.0,780.0,774.34,111
2020-02-24,814.0,814.0,752.3,756.95,751.45,111
2020-02-25,740.6,838.0,732.6,769.2,763.62,334
2020-02-26,730.05,814.75,730.05,757.5,752.0,368
2020-02-27,738.05,740.0,701.25,720.3,720.3,356
2020-02-28,750.0,750.0,672.5,682.15,682.15,164
2020-03-02,716.85,719.9,685.0,685.0,685.0,68
2020-03-03,690.0,704.95,624.95,659.75,659.75,658
2020-03-04,687.95,694.9,613.6,630.25,630.25,191
2020-03-05,649.95,649.95,625.0,627.1,627.1,32
2020-03-06,575.0,654.0,575.0,628.95,628.95,249
2020-03-09,582.4,610.0,582.0,590.05,590.05,481
2020-03-11,590.0,684.5,561.35,642.1,642.1,1876
2020-03-12,619.9,625.0,590.1,590.1,590.1,238
2020-03-13,475.5,699.0,475.5,644.0,644.0,600
2020-03-16,649.85,649.85,575.0,585.45,585.45,1948
2020-03-17,607.0,607.0,575.0,587.65,587.65,94
2020-03-18,588.0,623.0,564.0,564.1,564.1,2932
2020-03-19,542.0,608.0,500.0,532.0,532.0,219
2020-03-20,550.0,553.3,501.05,545.0,545.0,155
2020-03-23,462.5,579.0,462.5,527.0,527.0,1231
2020-03-24,544.0,574.0,471.0,491.95,491.95,167
2020-03-25,560.0,562.0,492.05,559.25,559.25,310
2020-03-26,613.85,625.0,552.05,566.35,566.35,521
2020-03-27,570.0,619.0,570.0,618.0,618.0,41
2020-03-30,593.3,675.0,593.3,624.1,624.1,55
2020-03-31,599.1,674.1,570.5,616.05,616.05,694
2020-04-01,593.15,639.95,593.15,595.05,595.05,1029
2020-04-03,596.05,637.95,580.0,587.3,587.3,40
2020-04-07,630.0,634.3,583.15,620.0,620.0,145
2020-04-08,660.0,662.0,600.25,600.7,600.7,68
2020-04-09,605.4,720.0,605.4,652.55,652.55,666
2020-04-13,700.0,745.0,661.25,742.0,742.0,539
2020-04-15,790.0,810.0,717.15,754.45,754.45,547
2020-04-16,792.0,792.0,706.3,717.55,717.55,582
2020-04-17,706.35,747.55,670.5,688.45,688.45,613
2020-04-20,702.0,714.0,653.15,699.05,699.05,357
2020-04-21,679.0,698.0,672.5,680.85,680.85,34
2020-04-22,665.0,670.0,665.0,666.1,666.1,53
2020-04-23,665.0,692.0,663.0,692.0,692.0,14
2020-04-24,660.0,698.4,561.15,690.55,690.55,5597
2020-04-27,710.0,730.0,688.0,719.15,719.15,5229
2020-04-28,720.0,720.0,661.25,693.55,693.55,2350
2020-04-29,663.25,674.0,568.7,646.1,646.1,3699
2020-04-30,650.1,690.0,650.1,668.05,668.05,1368
2020-05-04,646.1,668.0,583.0,611.0,611.0,705
2020-05-05,628.0,630.0,603.75,611.05,611.05,170
2020-05-06,633.0,723.3,620.0,692.2,692.2,260
2020-05-07,683.0,683.0,641.3,651.9,651.9,296
2020-05-08,651.05,668.0,622.0,624.85,624.85,1160
2020-05-11,634.7,634.7,612.0,624.85,624.85,38
2020-05-12,605.15,640.0,605.1,615.1,615.1,165
2020-05-13,644.0,644.95,617.1,621.55,621.55,140
2020-05-14,640.0,665.0,605.0,608.0,608.0,222
2020-05-15,582.45,647.9,582.45,616.0,616.0,146
2020-05-18,636.5,637.0,612.0,624.75,624.75,39
2020-05-19,636.9,636.9,601.15,629.85,629.85,19
2020-05-20,628.0,649.0,612.0,639.2,639.2,149
2020-05-21,612.25,639.0,612.25,631.0,631.0,16
2020-05-22,612.55,660.0,590.0,630.65,630.65,645
2020-05-26,607.2,625.0,606.0,606.0,606.0,33
2020-05-27,606.0,609.0,606.0,607.0,607.0,27
2020-05-28,625.25,635.0,566.0,602.7,602.7,447
2020-05-29,604.05,618.0,597.0,602.6,602.6,901
2020-06-01,605.0,615.0,582.0,592.0,592.0,367
2020-06-02,600.0,616.0,600.0,611.0,611.0,106
2020-06-03,615.0,619.0,586.6,602.0,602.0,881
2020-06-04,614.9,625.0,587.1,598.9,598.9,1259
2020-06-05,617.8,620.0,585.0,608.2,608.2,1909
2020-06-08,597.0,620.0,590.0,608.75,608.75,792
2020-06-09,614.9,622.0,610.05,615.45,615.45,543
2020-06-10,616.0,649.5,592.15,613.35,613.35,746
2020-06-11,614.0,618.75,603.25,605.55,605.55,177
2020-06-12,590.0,616.0,590.0,610.0,610.0,133
2020-06-15,615.0,615.0,591.35,614.55,614.55,104
2020-06-16,619.95,702.0,610.0,674.55,674.55,2262
2020-06-17,674.55,676.0,628.0,646.5,646.5,1164
2020-06-18,653.0,694.0,631.0,664.0,664.0,1009
2020-06-19,642.25,663.85,642.25,650.0,650.0,2896
2020-06-22,644.35,675.95,635.0,664.55,664.55,647
2020-06-23,680.0,682.9,655.05,674.25,674.25,915
2020-06-24,685.0,685.0,666.05,684.6,684.6,396
2020-06-25,665.05,675.0,661.0,663.15,663.15,114
2020-06-26,675.0,719.0,655.0,666.75,666.75,483
2020-06-29,669.0,689.95,656.3,660.05,660.05,72
2020-06-30,655.05,677.0,625.1,634.75,634.75,565
2020-07-01,644.95,644.95,630.05,630.1,630.1,47
2020-07-02,653.95,653.95,640.15,650.0,650.0,116
2020-07-03,654.0,662.0,640.0,649.95,649.95,234
2020-07-06,640.05,658.0,640.05,658.0,658.0,161
2020-07-07,655.0,667.9,635.0,647.8,647.8,428
2020-07-08,660.0,674.0,637.0,638.9,638.9,392
2020-07-09,649.95,649.95,630.0,637.8,637.8,249
2020-07-10,637.8,637.8,637.8,637.8,637.8,0
2020-07-13,617.0,648.0,616.65,633.0,633.0,436
2020-07-14,644.0,644.0,601.1,621.3,621.3,1017
2020-07-15,626.05,640.0,626.0,629.65,629.65,70
2020-07-16,612.7,629.95,612.65,619.0,619.0,311
2020-07-17,630.0,630.0,620.0,627.05,627.05,127
2020-07-20,640.0,643.0,622.6,628.6,628.6,235
2020-07-21,630.0,630.0,610.0,615.0,615.0,439
2020-07-22,630.0,630.0,599.0,605.2,605.2,366
2020-07-23,597.0,726.2,584.2,650.1,650.1,32584
2020-07-24,662.0,780.0,662.0,714.45,714.45,14247
2020-07-27,749.8,749.8,680.0,705.35,705.35,2294
2020-07-28,704.95,714.05,660.0,674.85,674.85,3919
2020-07-29,660.35,660.35,626.9,657.3,657.3,1972
2020-07-30,650.05,664.95,650.0,653.1,653.1,771
2020-07-31,637.55,705.35,637.55,700.0,700.0,1624
2020-08-03,700.0,751.05,682.35,735.7,735.7,1186
2020-08-04,749.3,800.0,725.0,770.1,770.1,2106
2020-08-05,770.3,809.0,770.3,790.4,790.4,1071
2020-08-06,800.05,800.05,766.0,783.0,783.0,390
2020-08-07,795.05,796.05,756.1,771.35,771.35,288
2020-08-10,797.45,798.0,771.35,776.9,776.9,343
2020-08-11,778.05,784.0,737.0,750.15,750.15,867
2020-08-12,758.0,780.0,681.65,695.7,695.7,5471
2020-08-13,720.0,760.0,696.15,724.85,724.85,3246
2020-08-14,744.5,745.0,724.1,725.0,725.0,393
2020-08-17,738.05,749.0,725.0,725.05,725.05,736
2020-08-18,742.05,742.05,725.0,727.1,727.1,489
2020-08-19,748.65,748.65,725.15,729.7,729.7,178
2020-08-20,708.65,736.95,708.65,725.0,725.0,398
2020-08-21,725.05,749.0,713.95,744.0,744.0,429
2020-08-24,755.75,756.0,722.3,728.05,728.05,714
2020-08-25,725.95,754.0,715.0,723.2,723.2,814
2020-08-26,724.05,770.0,703.5,716.1,716.1,572
2020-08-27,740.05,743.95,711.0,720.15,720.15,183
2020-08-28,723.95,740.0,720.0,724.9,724.9,106
2020-08-31,735.05,735.05,685.0,700.0,700.0,640
2020-09-01,700.0,748.0,675.15,690.0,690.0,198
2020-09-02,717.05,745.0,695.0,731.5,731.5,431
2020-09-03,724.95,732.0,685.0,702.9,702.9,888
2020-09-04,723.05,843.0,703.0,742.55,742.55,3788
2020-09-07,740.0,760.0,715.15,724.2,724.2,278
2020-09-08,744.0,753.0,700.2,715.1,715.1,322
2020-09-09,732.05,732.05,685.15,703.85,703.85,93
2020-09-10,701.95,726.0,697.95,721.6,721.6,173
2020-09-11,733.05,750.0,695.0,706.4,706.4,269
2020-09-14,690.95,729.8,686.7,715.0,715.0,67
2020-09-15,735.05,735.05,671.0,700.55,700.55,1236
2020-09-16,722.05,728.0,703.0,711.5,711.5,160
2020-09-17,725.05,725.05,700.0,710.0,710.0,94
2020-09-18,720.05,720.05,692.0,704.95,704.95,232
2020-09-21,720.05,728.0,700.0,705.4,705.4,668
2020-09-22,713.05,716.0,700.0,700.35,700.35,1659
2020-09-23,715.05,718.95,685.05,685.05,685.05,39
2020-09-24,698.05,718.0,670.45,703.7,703.7,444
2020-09-25,694.95,720.7,688.6,712.3,712.3,194
2020-09-28,715.05,749.95,700.0,709.15,709.15,495
2020-09-29,710.95,741.0,710.0,722.5,722.5,309
2020-09-30,721.95,730.0,702.0,725.0,725.0,187
2020-10-01,725.0,728.05,703.0,703.6,703.6,226
2020-10-05,718.05,721.0,707.0,720.45,720.45,60
2020-10-06,721.95,721.95,700.0,703.4,703.4,120
2020-10-07,721.05,721.05,689.0,689.95,689.95,216
2020-10-08,690.05,714.0,665.9,690.0,690.0,1739
2020-10-09,693.95,714.0,691.0,691.0,691.0,1971
2020-10-12,681.2,711.0,680.0,700.85,700.85,4362
2020-10-13,694.95,716.0,682.5,689.85,689.85,3024
2020-10-14,695.0,708.0,673.5,687.3,687.3,2010
2020-10-15,682.95,698.9,666.0,678.1,678.1,1978
2020-10-16,684.95,710.0,675.0,705.05,705.05,954
2020-10-19,702.95,715.0,690.0,699.4,699.4,1187
2020-10-20,702.95,720.0,695.3,710.0,710.0,820
2020-10-21,718.05,737.8,704.0,714.7,714.7,809
2020-10-22,706.05,728.0,702.5,713.05,713.05,902
2020-10-23,715.0,744.0,710.0,737.6,737.6,554
2020-10-26,740.0,747.5,725.0,737.25,737.25,423
2020-10-27,730.05,767.0,715.0,740.8,740.8,735
2020-10-28,758.0,770.0,740.0,753.1,753.1,380
2020-10-29,747.05,770.0,725.35,756.4,756.4,257
2020-10-30,762.05,780.0,745.0,772.45,772.45,328
2020-11-02,751.95,789.9,751.95,784.7,784.7,859
2020-11-03,792.0,834.7,773.0,821.05,821.05,1913
2020-11-04,830.05,838.0,800.0,812.0,812.0,1384
2020-11-05,806.45,834.0,802.05,809.0,809.0,1572
2020-11-06,802.9,833.0,800.0,815.4,815.4,997
2020-11-09,805.0,838.0,785.0,805.15,805.15,1348
2020-11-10,805.0,833.0,776.3,784.05,784.05,1971
2020-11-11,777.0,817.95,772.0,785.3,785.3,2079
2020-11-12,786.05,789.7,773.0,776.15,776.15,1063
2020-11-13,761.95,788.0,758.0,772.25,772.25,1249
2020-11-17,770.0,789.0,767.0,776.05,776.05,867
2020-11-18,785.05,785.05,772.0,777.45,777.45,610
2020-11-19,767.0,790.0,750.0,779.9,779.9,1111
2020-11-20,775.0,790.0,761.0,767.55,767.55,1392
2020-11-23,755.0,836.6,755.0,819.05,819.05,1158
2020-11-24,816.05,838.0,800.2,816.7,816.7,1080
2020-11-25,805.0,824.95,780.0,800.0,800.0,705
2020-11-26,797.95,830.0,797.95,804.15,804.15,1324
2020-11-27,814.05,827.0,805.0,809.1,809.1,184
2020-12-01,817.05,825.0,800.0,819.55,819.55,685
2020-12-02,820.05,820.05,802.0,809.2,809.2,672
2020-12-03,780.95,845.0,775.0,812.8,812.8,2290
2020-12-04,819.0,856.0,813.0,849.55,849.55,601
2020-12-07,869.95,1019.45,869.95,1008.55,1008.55,10057
2020-12-08,1019.0,1020.0,931.1,965.2,965.2,2175
2020-12-09,974.95,1005.85,946.05,953.0,953.0,1564
2020-12-10,979.95,979.95,923.0,940.55,940.55,566
2020-12-11,955.05,955.05,932.0,944.75,944.75,279
2020-12-14,952.05,969.95,911.0,922.05,922.05,435
2020-12-15,917.95,936.0,867.15,898.25,898.25,1709
2020-12-16,920.05,965.0,904.0,934.65,934.65,984
2020-12-17,921.95,970.0,901.0,919.9,919.9,1555
2020-12-18,922.95,934.0,901.0,901.05,901.05,456
2020-12-21,926.05,926.05,850.05,863.35,863.35,439
2020-12-22,880.0,912.0,863.4,890.65,890.65,811
2020-12-23,910.05,919.0,862.0,875.35,875.35,1416
2020-12-24,904.05,915.0,855.05,870.6,870.6,1800
2020-12-28,869.95,892.0,862.45,870.2,870.2,218
2020-12-29,885.05,893.95,870.05,882.05,882.05,154
2020-12-30,900.05,905.0,861.0,876.3,876.3,291
2020-12-31,870.85,918.85,870.85,886.2,886.2,829
2021-01-01,881.95,900.0,860.0,876.05,876.05,998
2021-01-04,894.05,905.0,876.15,878.5,878.5,3945
2021-01-05,896.05,944.8,878.25,919.0,919.0,4630
2021-01-06,916.05,935.0,890.25,903.5,903.5,1717
2021-01-07,894.95,948.8,888.95,927.15,927.15,1096
2021-01-08,930.05,935.0,902.45,915.7,915.7,974
2021-01-11,930.05,933.0,885.0,911.7,911.7,2018
2021-01-12,899.95,921.0,890.1,900.0,900.0,696
2021-01-13,919.05,919.05,883.0,892.1,892.1,818
2021-01-14,904.05,904.05,815.25,842.5,842.5,2126
2021-01-15,859.35,948.9,850.0,879.55,879.55,2001
2021-01-18,895.05,895.05,830.0,832.95,832.95,2857
2021-01-19,841.95,875.95,838.4,846.2,846.2,2331
2021-01-20,856.05,859.95,840.0,854.7,854.7,1092
2021-01-21,850.0,875.0,815.5,821.05,821.05,2408
2021-01-22,835.05,852.7,775.25,793.4,793.4,2058
2021-01-25,820.05,820.05,745.6,782.15,782.15,1386
2021-01-27,789.8,794.6,765.05,769.1,769.1,1107
2021-01-28,770.05,785.35,755.0,764.7,764.7,251
2021-01-29,780.05,780.05,720.1,730.4,730.4,383
2021-02-01,741.85,865.0,733.0,810.5,810.5,5430
2021-02-02,800.95,825.0,792.0,795.5,795.5,539
2021-02-03,816.05,845.45,803.0,820.5,820.5,637
2021-02-04,822.0,837.95,800.0,805.45,805.45,1991
2021-02-05,820.0,850.0,800.05,820.55,820.55,3544
2021-02-08,827.55,835.0,805.05,818.65,818.65,334
2021-02-09,821.05,839.95,788.0,796.6,796.6,2232
2021-02-10,800.0,855.0,792.95,830.0,830.0,3809
2021-02-11,855.0,856.65,803.5,830.4,830.4,4004
2021-02-12,830.0,849.65,813.9,831.85,831.85,4967
2021-02-15,839.9,842.6,810.05,817.3,817.3,729
2021-02-16,802.5,823.95,800.1,804.85,804.85,443
2021-02-17,800.0,824.4,798.1,813.5,813.5,2322
2021-02-18,819.0,829.95,810.1,827.7,827.7,284
2021-02-19,852.0,852.0,800.0,808.5,808.5,557
2021-02-22,819.9,821.9,780.0,792.2,792.2,743
2021-02-23,810.85,810.85,780.05,790.6,790.6,638
2021-02-24,799.95,809.95,790.0,804.95,804.95,362
2021-02-25,816.55,816.55,789.0,790.75,790.75,547
2021-02-26,789.95,802.0,780.05,784.0,784.0,274
2021-03-01,792.95,809.95,781.1,800.0,800.0,1270
2021-03-02,807.05,819.95,796.0,817.3,817.3,817
2021-03-03,825.55,829.1,808.25,822.0,822.0,2622
2021-03-04,821.05,850.0,809.0,840.35,840.35,2024
2021-03-05,845.35,859.95,831.65,843.8,843.8,2332
2021-03-08,859.95,866.65,836.0,854.9,854.9,1584
2021-03-09,842.95,852.0,840.05,846.65,846.65,737
2021-03-10,846.0,862.1,840.0,842.2,842.2,455
2021-03-12,842.45,877.8,836.6,867.6,867.6,3358
2021-03-15,863.45,879.0,825.5,831.65,831.65,1223
2021-03-16,831.65,872.0,821.75,859.05,859.05,3983
2021-03-17,854.0,880.05,847.85,867.65,867.65,2576
2021-03-18,868.05,868.05,831.5,840.45,840.45,1128
2021-03-19,825.85,852.1,824.5,844.15,844.15,1712
2021-03-22,829.9,877.0,822.0,866.45,866.45,2655
2021-03-23,871.5,871.5,850.15,865.15,865.15,2329
2021-03-24,862.25,880.0,854.75,868.85,868.85,5643
2021-03-25,872.05,883.15,825.55,835.95,835.95,709
2021-03-26,846.3,856.8,791.8,811.35,811.35,1213
2021-03-30,800.45,850.0,800.45,813.35,813.35,1013
2021-03-31,809.85,864.9,785.45,800.0,800.0,573
2021-04-01,810.05,959.95,808.85,913.1,913.1,13246
2021-04-05,910.0,910.0,852.55,862.8,862.8,1316
2021-04-06,895.3,895.3,815.6,852.5,852.5,1586
2021-04-07,831.2,890.0,831.2,886.95,886.95,2589
2021-04-08,895.0,903.95,867.0,901.55,901.55,1542
2021-04-09,905.0,1008.0,775.6,856.9,856.9,9354
2021-04-12,853.0,922.45,853.0,890.05,890.05,3511
2021-04-13,925.0,932.75,850.0,854.6,854.6,2055
2021-04-15,863.3,891.2,854.6,869.75,869.75,2542
2021-04-16,883.05,899.75,850.0,856.2,856.2,3971
2021-04-19,856.2,870.05,826.0,847.5,847.5,913
2021-04-20,858.05,858.4,800.0,819.0,819.0,853
2021-04-22,806.0,844.95,806.0,830.1,830.1,1417
2021-04-23,826.55,830.55,790.0,795.0,795.0,3284
2021-04-26,801.85,819.0,800.0,806.3,806.3,2331
2021-04-27,803.45,820.6,795.1,799.9,799.9,3550
2021-04-28,797.65,830.2,797.55,812.75,812.75,981
2021-04-29,839.0,844.15,807.95,820.55,820.55,1575
2021-04-30,844.05,850.0,803.0,815.85,815.85,1258
2021-05-03,832.55,870.0,804.6,817.7,817.7,4560
2021-05-04,850.0,895.0,813.0,881.85,881.85,6420
2021-05-05,890.0,910.0,862.55,894.25,894.25,3539
2021-05-06,902.05,970.0,894.75,952.8,952.8,5487
2021-05-07,949.95,983.0,911.1,926.2,926.2,2946
2021-05-10,919.75,963.9,903.5,927.8,927.8,1195
2021-05-11,955.05,975.0,915.95,942.9,942.9,5855
2021-05-12,959.05,959.05,915.45,927.4,927.4,1507
2021-05-14,919.75,958.8,900.1,933.6,933.6,2083
2021-05-17,940.05,1008.0,923.15,993.8,993.8,4843
2021-05-18,1024.0,1150.0,973.55,1096.65,1096.65,25752
2021-05-19,1135.0,1135.0,1055.1,1068.85,1068.85,5181
2021-05-20,1097.95,1100.0,1022.5,1059.9,1059.9,2210
2021-05-21,1100.95,1100.95,1029.95,1061.4,1061.4,3248
2021-05-24,1110.0,1134.0,1036.0,1064.2,1064.2,3296
2021-05-25,1050.45,1090.0,1027.0,1034.5,1034.5,1025
2021-05-26,1036.4,1048.75,1015.5,1029.9,1029.9,1023
2021-05-27,1035.2,1050.0,993.65,1029.0,1029.0,769
2021-05-28,1020.1,1074.35,1010.05,1047.4,1047.4,2625
2021-05-31,1058.0,1090.0,1030.0,1056.15,1056.15,1817
2021-06-01,1087.95,1087.95,1020.0,1021.7,1021.7,1520
2021-06-02,1037.95,1070.1,1010.05,1048.35,1048.35,2729
2021-06-03,1049.2,1071.05,1026.0,1047.35,1047.35,2237
2021-06-04,1051.15,1105.0,1033.25,1077.7,1077.7,2460
2021-06-07,1089.95,1180.0,1060.0,1072.15,1072.15,4305
2021-06-08,1075.05,1100.0,1029.9,1043.7,1043.7,1350
2021-06-09,1052.25,1059.3,1020.4,1032.6,1032.6,684
2021-06-10,1049.6,1050.0,1017.5,1038.3,1038.3,990
2021-06-11,1025.9,1075.0,1025.9,1060.95,1060.95,1740
2021-06-14,1078.9,1089.0,1027.0,1061.3,1061.3,398
2021-06-15,1065.15,1080.0,966.0,1044.65,1044.65,3821
2021-06-16,1047.35,1060.0,1024.95,1039.8,1039.8,1323
2021-06-17,1026.05,1036.5,1008.0,1021.3,1021.3,1608
2021-06-18,1034.75,1049.3,975.2,989.7,989.7,1733
2021-06-21,1019.9,1070.0,1000.0,1022.3,1022.3,2065
2021-06-22,1002.0,1048.7,982.0,999.05,999.05,5050
2021-06-23,1000.05,1009.95,992.3,1000.45,1000.45,1143
2021-06-24,996.7,1010.0,961.2,984.85,984.85,2056
2021-06-25,987.6,994.05,970.0,974.25,974.25,1251
2021-06-28,993.25,993.25,976.8,984.9,984.9,577
2021-06-29,990.0,1005.85,977.1,988.35,988.35,834
2021-06-30,985.3,1000.0,951.15,959.65,959.65,2440
2021-07-01,975.75,994.9,940.0,946.3,946.3,830
2021-07-02,962.85,980.9,939.0,964.85,964.85,1148
2021-07-05,979.05,991.0,947.15,988.25,988.25,1530
2021-07-06,1007.95,1007.95,969.05,985.8,985.8,8899
2021-07-07,989.25,999.9,975.0,987.7,987.7,1821
2021-07-08,976.0,990.0,967.8,968.9,968.9,1412
2021-07-09,982.6,985.0,960.0,974.05,974.05,977
